id,start_time,end_time,duration,len_block_range,booth
0,1734603871851,1734603872107,256,null,"1, 3, 4, 5, 6, 7, 8, 9, 10, 11, 12, 13, 14, 15, 16, 17"
1,1734603871853,1734603872130,277,null,"1, 3, 4, 5, 6, 7, 8, 9, 10, 11, 12, 13, 14, 15, 16, 17"
2,1734603871854,1734603872239,385,null,"1, 3, 4, 5, 6, 7, 8, 9, 10, 11, 12, 13, 14, 15, 16, 17"
3,1734603871866,1734603872376,510,null,"1, 3, 4, 5, 6, 7, 8, 9, 10, 11, 12, 13, 14, 15, 16, 17"
4,1734603871875,1734603872337,462,null,"1, 3, 4, 5, 6, 7, 8, 9, 10, 11, 12, 13, 14, 15, 16, 17"
5,1734603871886,1734603872375,489,null,"1, 3, 4, 5, 6, 7, 8, 9, 10, 11, 12, 13, 14, 15, 16, 17"
6,1734603871887,1734603872181,294,null,"1, 3, 4, 5, 6, 7, 8, 9, 10, 11, 12, 13, 14, 15, 16, 17"
7,1734603871888,1734603872376,488,null,"1, 3, 4, 5, 6, 7, 8, 9, 10, 11, 12, 13, 14, 15, 16, 17"
8,1734603871910,1734603872376,466,null,"1, 3, 4, 5, 6, 7, 8, 9, 10, 11, 12, 13, 14, 15, 16, 17"
9,1734603871919,1734603872578,659,null,"1, 3, 4, 5, 6, 7, 8, 9, 10, 11, 12, 13, 14, 15, 16, 17"
10,1734603871923,1734603872433,510,null,"1, 3, 4, 5, 6, 7, 8, 9, 10, 11, 12, 13, 14, 15, 16, 17"
11,1734603871939,1734603872406,467,null,"1, 3, 4, 5, 6, 7, 8, 9, 10, 11, 12, 13, 14, 15, 16, 17"
12,1734603871940,1734603872704,764,null,"1, 3, 4, 5, 6, 7, 8, 9, 10, 11, 12, 13, 14, 15, 16, 17"
13,1734603871959,1734603872703,744,null,"1, 3, 4, 5, 6, 7, 8, 9, 10, 11, 12, 13, 14, 15, 16, 17"
14,1734603871960,1734603872695,735,null,"1, 3, 4, 5, 6, 7, 8, 9, 10, 11, 12, 13, 14, 15, 16, 17"
15,1734603871961,1734603872903,942,null,"1, 3, 4, 5, 6, 7, 8, 9, 10, 11, 12, 13, 14, 15, 16, 17"
16,1734603871980,1734603872753,773,null,"1, 3, 4, 5, 6, 7, 8, 9, 10, 11, 12, 13, 14, 15, 16, 17"
17,1734603871982,1734603872706,724,null,"1, 3, 4, 5, 6, 7, 8, 9, 10, 11, 12, 13, 14, 15, 16, 17"
18,1734603871983,1734603872686,703,null,"1, 3, 4, 5, 6, 7, 8, 9, 10, 11, 12, 13, 14, 15, 16, 17"
19,1734603872003,1734603872376,373,null,"1, 3, 4, 5, 6, 7, 8, 9, 10, 11, 12, 13, 14, 15, 16, 17"
20,1734603872004,1734603872577,573,null,"1, 3, 4, 5, 6, 7, 8, 9, 10, 11, 12, 13, 14, 15, 16, 17"
21,1734603872025,1734603872568,543,null,"1, 3, 4, 5, 6, 7, 8, 9, 10, 11, 12, 13, 14, 15, 16, 17"
22,1734603872026,1734603872775,749,null,"1, 3, 4, 5, 6, 7, 8, 9, 10, 11, 12, 13, 14, 15, 16, 17"
23,1734603872027,1734603872903,876,null,"1, 3, 4, 5, 6, 7, 8, 9, 10, 11, 12, 13, 14, 15, 16, 17"
24,1734603872056,1734603872598,542,null,"1, 3, 4, 5, 6, 7, 8, 9, 10, 11, 12, 13, 14, 15, 16, 17"
25,1734603872057,1734603872993,936,null,"1, 3, 4, 5, 6, 7, 8, 9, 10, 11, 12, 13, 14, 15, 16, 17"
26,1734603872081,1734603872903,822,null,"1, 3, 4, 5, 6, 7, 8, 9, 10, 11, 12, 13, 14, 15, 16, 17"
27,1734603872094,1734603872903,809,null,"1, 3, 4, 5, 6, 7, 8, 9, 10, 11, 12, 13, 14, 15, 16, 17"
28,1734603872095,1734603872903,808,null,"1, 3, 4, 5, 6, 7, 8, 9, 10, 11, 12, 13, 14, 15, 16, 17"
29,1734603872140,1734603873117,977,null,"1, 3, 4, 5, 6, 7, 8, 9, 10, 11, 12, 13, 14, 15, 16, 17"
30,1734603872141,1734603873041,900,null,"1, 3, 4, 5, 6, 7, 8, 9, 10, 11, 12, 13, 14, 15, 16, 17"
31,1734603872196,1734603873054,858,null,"1, 3, 4, 5, 6, 7, 8, 9, 10, 11, 12, 13, 14, 15, 16, 17"
32,1734603872200,1734603872757,557,null,"1, 3, 4, 5, 6, 7, 8, 9, 10, 11, 12, 13, 14, 15, 16, 17"
33,1734603872201,1734603873044,843,null,"1, 3, 4, 5, 6, 7, 8, 9, 10, 11, 12, 13, 14, 15, 16, 17"
34,1734603872211,1734603873362,1151,null,"1, 3, 4, 5, 6, 7, 8, 9, 10, 11, 12, 13, 14, 15, 16, 17"
35,1734603872212,1734603873022,810,null,"1, 3, 4, 5, 6, 7, 8, 9, 10, 11, 12, 13, 14, 15, 16, 17"
36,1734603872245,1734603873137,892,null,"1, 3, 4, 5, 6, 7, 8, 9, 10, 11, 12, 13, 14, 15, 16, 17"
37,1734603872246,1734603872945,699,null,"1, 3, 4, 5, 6, 7, 8, 9, 10, 11, 12, 13, 14, 15, 16, 17"
38,1734603872247,1734603873362,1115,null,"1, 3, 4, 5, 6, 7, 8, 9, 10, 11, 12, 13, 14, 15, 16, 17"
39,1734603872317,1734603873239,922,null,"1, 3, 4, 5, 6, 7, 8, 9, 10, 11, 12, 13, 14, 15, 16, 17"
40,1734603872318,1734603873123,805,null,"1, 3, 4, 5, 6, 7, 8, 9, 10, 11, 12, 13, 14, 15, 16, 17"
41,1734603872320,1734603873107,787,null,"1, 3, 4, 5, 6, 7, 8, 9, 10, 11, 12, 13, 14, 15, 16, 17"
42,1734603872321,1734603873239,918,null,"1, 3, 4, 5, 6, 7, 8, 9, 10, 11, 12, 13, 14, 15, 16, 17"
43,1734603872377,1734603873239,862,null,"1, 3, 4, 5, 6, 7, 8, 9, 10, 11, 12, 13, 14, 15, 16, 17"
44,1734603872379,1734603873390,1011,null,"1, 3, 4, 5, 6, 7, 8, 9, 10, 11, 12, 13, 14, 15, 16, 17"
45,1734603872380,1734603873511,1131,null,"1, 3, 4, 5, 6, 7, 8, 9, 10, 11, 12, 13, 14, 15, 16, 17"
46,1734603872387,1734603873266,879,null,"1, 3, 4, 5, 6, 7, 8, 9, 10, 11, 12, 13, 14, 15, 16, 17"
47,1734603872388,1734603873578,1190,null,"1, 3, 4, 5, 6, 7, 8, 9, 10, 11, 12, 13, 14, 15, 16, 17"
48,1734603872473,1734603873301,828,null,"1, 3, 4, 5, 6, 7, 8, 9, 10, 11, 12, 13, 14, 15, 16, 17"
49,1734603872475,1734603873578,1103,null,"1, 3, 4, 5, 6, 7, 8, 9, 10, 11, 12, 13, 14, 15, 16, 17"
50,1734603872543,1734603873393,850,null,"1, 3, 4, 5, 6, 7, 8, 9, 10, 11, 12, 13, 14, 15, 16, 17"
51,1734603872544,1734603874164,1620,null,"1, 3, 4, 5, 6, 7, 8, 9, 10, 11, 12, 13, 14, 15, 16, 17"
52,1734603872546,1734603873149,603,null,"1, 3, 4, 5, 6, 7, 8, 9, 10, 11, 12, 13, 14, 15, 16, 17"
53,1734603872605,1734603873667,1062,null,"1, 3, 4, 5, 6, 7, 8, 9, 10, 11, 12, 13, 14, 15, 16, 17"
54,1734603872645,1734603873579,934,null,"1, 3, 4, 5, 6, 7, 8, 9, 10, 11, 12, 13, 14, 15, 16, 17"
55,1734603872705,1734603873578,873,null,"1, 3, 4, 5, 6, 7, 8, 9, 10, 11, 12, 13, 14, 15, 16, 17"
56,1734603872706,1734603873375,669,null,"1, 3, 4, 5, 6, 7, 8, 9, 10, 11, 12, 13, 14, 15, 16, 17"
57,1734603872715,1734603873706,991,null,"1, 3, 4, 5, 6, 7, 8, 9, 10, 11, 12, 13, 14, 15, 16, 17"
58,1734603872753,1734603873715,962,null,"1, 3, 4, 5, 6, 7, 8, 9, 10, 11, 12, 13, 14, 15, 16, 17"
59,1734603872754,1734603873666,912,null,"1, 3, 4, 5, 6, 7, 8, 9, 10, 11, 12, 13, 14, 15, 16, 17"
60,1734603872886,1734603873782,896,null,"1, 3, 4, 5, 6, 7, 8, 9, 10, 11, 12, 13, 14, 15, 16, 17"
61,1734603872933,1734603873731,798,null,"1, 3, 4, 5, 6, 7, 8, 9, 10, 11, 12, 13, 14, 15, 16, 17"
62,1734603872935,1734603873910,975,null,"1, 3, 4, 5, 6, 7, 8, 9, 10, 11, 12, 13, 14, 15, 16, 17"
63,1734603872936,1734603873731,795,null,"1, 3, 4, 5, 6, 7, 8, 9, 10, 11, 12, 13, 14, 15, 16, 17"
64,1734603873032,1734603873683,651,null,"1, 3, 4, 5, 6, 7, 8, 9, 10, 11, 12, 13, 14, 15, 16, 17"
65,1734603873064,1734603873968,904,null,"1, 3, 4, 5, 6, 7, 8, 9, 10, 11, 12, 13, 14, 15, 16, 17"
66,1734603873070,1734603874024,954,null,"1, 3, 4, 5, 6, 7, 8, 9, 10, 11, 12, 13, 14, 15, 16, 17"
67,1734603873117,1734603874543,1426,null,"1, 3, 4, 5, 6, 7, 8, 9, 10, 11, 12, 13, 14, 15, 16, 17"
68,1734603873119,1734603874802,1683,null,"1, 3, 4, 5, 6, 7, 8, 9, 10, 11, 12, 13, 14, 15, 16, 17"
69,1734603873120,1734603873934,814,null,"1, 3, 4, 5, 6, 7, 8, 9, 10, 11, 12, 13, 14, 15, 16, 17"
70,1734603873183,1734603873855,672,null,"1, 3, 4, 5, 6, 7, 8, 9, 10, 11, 12, 13, 14, 15, 16, 17"
71,1734603873188,1734603874407,1219,null,"1, 3, 4, 5, 6, 7, 8, 9, 10, 11, 12, 13, 14, 15, 16, 17"
72,1734603873275,1734603873816,541,null,"1, 3, 4, 5, 6, 7, 8, 9, 10, 11, 12, 13, 14, 15, 16, 17"
73,1734603873277,1734603875070,1793,null,"1, 3, 4, 5, 6, 7, 8, 9, 10, 11, 12, 13, 14, 15, 16, 17"
74,1734603873278,1734603874155,877,null,"1, 3, 4, 5, 6, 7, 8, 9, 10, 11, 12, 13, 14, 15, 16, 17"
75,1734603873324,1734603875070,1746,null,"1, 3, 4, 5, 6, 7, 8, 9, 10, 11, 12, 13, 14, 15, 16, 17"
76,1734603873330,1734603873853,523,null,"1, 3, 4, 5, 6, 7, 8, 9, 10, 11, 12, 13, 14, 15, 16, 17"
77,1734603873331,1734603874192,861,null,"1, 3, 4, 5, 6, 7, 8, 9, 10, 11, 12, 13, 14, 15, 16, 17"
78,1734603873333,1734603874595,1262,null,"1, 3, 4, 5, 6, 7, 8, 9, 10, 11, 12, 13, 14, 15, 16, 17"
79,1734603873417,1734603874407,990,null,"1, 3, 4, 5, 6, 7, 8, 9, 10, 11, 12, 13, 14, 15, 16, 17"
80,1734603873418,1734603874784,1366,null,"1, 3, 4, 5, 6, 7, 8, 9, 10, 11, 12, 13, 14, 15, 16, 17"
81,1734603873420,1734603875089,1669,null,"1, 3, 4, 5, 6, 7, 8, 9, 10, 11, 12, 13, 14, 15, 16, 17"
82,1734603873497,1734603875108,1611,null,"1, 3, 4, 5, 6, 7, 8, 9, 10, 11, 12, 13, 14, 15, 16, 17"
83,1734603873526,1734603874519,993,null,"1, 3, 4, 5, 6, 7, 8, 9, 10, 11, 12, 13, 14, 15, 16, 17"
84,1734603873528,1734603874865,1337,null,"1, 3, 4, 5, 6, 7, 8, 9, 10, 11, 12, 13, 14, 15, 16, 17"
85,1734603873562,1734603875207,1645,null,"1, 3, 4, 5, 6, 7, 8, 9, 10, 11, 12, 13, 14, 15, 16, 17"
86,1734603873563,1734603875247,1684,null,"1, 3, 4, 5, 6, 7, 8, 9, 10, 11, 12, 13, 14, 15, 16, 17"
87,1734603873565,1734603874770,1205,null,"1, 3, 4, 5, 6, 7, 8, 9, 10, 11, 12, 13, 14, 15, 16, 17"
88,1734603873662,1734603874965,1303,null,"1, 3, 4, 5, 6, 7, 8, 9, 10, 11, 12, 13, 14, 15, 16, 17"
89,1734603873663,1734603874956,1293,null,"1, 3, 4, 5, 6, 7, 8, 9, 10, 11, 12, 13, 14, 15, 16, 17"
90,1734603873664,1734603874770,1106,null,"1, 3, 4, 5, 6, 7, 8, 9, 10, 11, 12, 13, 14, 15, 16, 17"
91,1734603873755,1734603875559,1804,null,"1, 3, 4, 5, 6, 7, 8, 9, 10, 11, 12, 13, 14, 15, 16, 17"
92,1734603873756,1734603875322,1566,null,"1, 3, 4, 5, 6, 7, 8, 9, 10, 11, 12, 13, 14, 15, 16, 17"
93,1734603873762,1734603874243,481,null,"1, 3, 4, 5, 6, 7, 8, 9, 10, 11, 12, 13, 14, 15, 16, 17"
94,1734603873821,1734603875089,1268,null,"1, 3, 4, 5, 6, 7, 8, 9, 10, 11, 12, 13, 14, 15, 16, 17"
95,1734603873822,1734603875544,1722,null,"1, 3, 4, 5, 6, 7, 8, 9, 10, 11, 12, 13, 14, 15, 16, 17"
96,1734603873916,1734603875089,1173,null,"1, 3, 4, 5, 6, 7, 8, 9, 10, 11, 12, 13, 14, 15, 16, 17"
97,1734603873925,1734603875171,1246,null,"1, 3, 4, 5, 6, 7, 8, 9, 10, 11, 12, 13, 14, 15, 16, 17"
98,1734603873962,1734603875544,1582,null,"1, 3, 4, 5, 6, 7, 8, 9, 10, 11, 12, 13, 14, 15, 16, 17"
99,1734603873963,1734603875543,1580,null,"1, 3, 4, 5, 6, 7, 8, 9, 10, 11, 12, 13, 14, 15, 16, 17"
100,1734603873964,1734603875543,1579,null,"1, 3, 4, 5, 6, 7, 8, 9, 10, 11, 12, 13, 14, 15, 16, 17"
101,1734603874053,1734603875735,1682,null,"1, 3, 4, 5, 6, 7, 8, 9, 10, 11, 12, 13, 14, 15, 16, 17"
102,1734603874054,1734603875289,1235,null,"1, 3, 4, 5, 6, 7, 8, 9, 10, 11, 12, 13, 14, 15, 16, 17"
103,1734603874108,1734603875808,1700,null,"1, 3, 4, 5, 6, 7, 8, 9, 10, 11, 12, 13, 14, 15, 16, 17"
104,1734603874113,1734603875542,1429,null,"1, 3, 4, 5, 6, 7, 8, 9, 10, 11, 12, 13, 14, 15, 16, 17"
105,1734603874122,1734603875762,1640,null,"1, 3, 4, 5, 6, 7, 8, 9, 10, 11, 12, 13, 14, 15, 16, 17"
106,1734603874123,1734603875364,1241,null,"1, 3, 4, 5, 6, 7, 8, 9, 10, 11, 12, 13, 14, 15, 16, 17"
107,1734603874125,1734603875631,1506,null,"1, 3, 4, 5, 6, 7, 8, 9, 10, 11, 12, 13, 14, 15, 16, 17"
108,1734603874167,1734603875543,1376,null,"1, 3, 4, 5, 6, 7, 8, 9, 10, 11, 12, 13, 14, 15, 16, 17"
109,1734603874168,1734603875666,1498,null,"1, 3, 4, 5, 6, 7, 8, 9, 10, 11, 12, 13, 14, 15, 16, 17"
110,1734603874169,1734603875542,1373,null,"1, 3, 4, 5, 6, 7, 8, 9, 10, 11, 12, 13, 14, 15, 16, 17"
111,1734603874171,1734603875543,1372,null,"1, 3, 4, 5, 6, 7, 8, 9, 10, 11, 12, 13, 14, 15, 16, 17"
112,1734603874172,1734603876101,1929,null,"1, 3, 4, 5, 6, 7, 8, 9, 10, 11, 12, 13, 14, 15, 16, 17"
113,1734603874173,1734603875542,1369,null,"1, 3, 4, 5, 6, 7, 8, 9, 10, 11, 12, 13, 14, 15, 16, 17"
114,1734603874174,1734603875542,1368,null,"1, 3, 4, 5, 6, 7, 8, 9, 10, 11, 12, 13, 14, 15, 16, 17"
115,1734603874176,1734603875543,1367,null,"1, 3, 4, 5, 6, 7, 8, 9, 10, 11, 12, 13, 14, 15, 16, 17"
116,1734603874177,1734603875543,1366,null,"1, 3, 4, 5, 6, 7, 8, 9, 10, 11, 12, 13, 14, 15, 16, 17"
117,1734603874178,1734603876114,1936,null,"1, 3, 4, 5, 6, 7, 8, 9, 10, 11, 12, 13, 14, 15, 16, 17"
118,1734603874179,1734603875544,1365,null,"1, 3, 4, 5, 6, 7, 8, 9, 10, 11, 12, 13, 14, 15, 16, 17"
119,1734603874181,1734603875331,1150,null,"1, 3, 4, 5, 6, 7, 8, 9, 10, 11, 12, 13, 14, 15, 16, 17"
120,1734603874182,1734603875955,1773,null,"1, 3, 4, 5, 6, 7, 8, 9, 10, 11, 12, 13, 14, 15, 16, 17"
121,1734603874183,1734603875364,1181,null,"1, 3, 4, 5, 6, 7, 8, 9, 10, 11, 12, 13, 14, 15, 16, 17"
122,1734603874184,1734603875933,1749,null,"1, 3, 4, 5, 6, 7, 8, 9, 10, 11, 12, 13, 14, 15, 16, 17"
123,1734603874186,1734603875206,1020,null,"1, 3, 4, 5, 6, 7, 8, 9, 10, 11, 12, 13, 14, 15, 16, 17"
124,1734603874187,1734603875543,1356,null,"1, 3, 4, 5, 6, 7, 8, 9, 10, 11, 12, 13, 14, 15, 16, 17"
125,1734603874224,1734603875760,1536,null,"1, 3, 4, 5, 6, 7, 8, 9, 10, 11, 12, 13, 14, 15, 16, 17"
126,1734603874226,1734603875364,1138,null,"1, 3, 4, 5, 6, 7, 8, 9, 10, 11, 12, 13, 14, 15, 16, 17"
127,1734603874227,1734603875543,1316,null,"1, 3, 4, 5, 6, 7, 8, 9, 10, 11, 12, 13, 14, 15, 16, 17"
128,1734603874346,1734603875543,1197,null,"1, 3, 4, 5, 6, 7, 8, 9, 10, 11, 12, 13, 14, 15, 16, 17"
129,1734603874348,1734603875870,1522,null,"1, 3, 4, 5, 6, 7, 8, 9, 10, 11, 12, 13, 14, 15, 16, 17"
130,1734603874433,1734603875368,935,null,"1, 3, 4, 5, 6, 7, 8, 9, 10, 11, 12, 13, 14, 15, 16, 17"
131,1734603874434,1734603876013,1579,null,"1, 3, 4, 5, 6, 7, 8, 9, 10, 11, 12, 13, 14, 15, 16, 17"
132,1734603874435,1734603875543,1108,null,"1, 3, 4, 5, 6, 7, 8, 9, 10, 11, 12, 13, 14, 15, 16, 17"
133,1734603874548,1734603876465,1917,null,"1, 3, 4, 5, 6, 7, 8, 9, 10, 11, 12, 13, 14, 15, 16, 17"
134,1734603874549,1734603876280,1731,null,"1, 3, 4, 5, 6, 7, 8, 9, 10, 11, 12, 13, 14, 15, 16, 17"
135,1734603874550,1734603876583,2033,null,"1, 3, 4, 5, 6, 7, 8, 9, 10, 11, 12, 13, 14, 15, 16, 17"
136,1734603874551,1734603876280,1729,null,"1, 3, 4, 5, 6, 7, 8, 9, 10, 11, 12, 13, 14, 15, 16, 17"
137,1734603874553,1734603876466,1913,null,"1, 3, 4, 5, 6, 7, 8, 9, 10, 11, 12, 13, 14, 15, 16, 17"
138,1734603874554,1734603876342,1788,null,"1, 3, 4, 5, 6, 7, 8, 9, 10, 11, 12, 13, 14, 15, 16, 17"
139,1734603874555,1734603875933,1378,null,"1, 3, 4, 5, 6, 7, 8, 9, 10, 11, 12, 13, 14, 15, 16, 17"
140,1734603874556,1734603876465,1909,null,"1, 3, 4, 5, 6, 7, 8, 9, 10, 11, 12, 13, 14, 15, 16, 17"
141,1734603874557,1734603876280,1723,null,"1, 3, 4, 5, 6, 7, 8, 9, 10, 11, 12, 13, 14, 15, 16, 17"
142,1734603874559,1734603875628,1069,null,"1, 3, 4, 5, 6, 7, 8, 9, 10, 11, 12, 13, 14, 15, 16, 17"
143,1734603874560,1734603875544,984,null,"1, 3, 4, 5, 6, 7, 8, 9, 10, 11, 12, 13, 14, 15, 16, 17"
144,1734603874561,1734603876627,2066,null,"1, 3, 4, 5, 6, 7, 8, 9, 10, 11, 12, 13, 14, 15, 16, 17"
145,1734603874562,1734603876280,1718,null,"1, 3, 4, 5, 6, 7, 8, 9, 10, 11, 12, 13, 14, 15, 16, 17"
146,1734603874563,1734603876466,1903,null,"1, 3, 4, 5, 6, 7, 8, 9, 10, 11, 12, 13, 14, 15, 16, 17"
147,1734603874565,1734603876280,1715,null,"1, 3, 4, 5, 6, 7, 8, 9, 10, 11, 12, 13, 14, 15, 16, 17"
148,1734603874566,1734603875544,978,null,"1, 3, 4, 5, 6, 7, 8, 9, 10, 11, 12, 13, 14, 15, 16, 17"
149,1734603874617,1734603876466,1849,null,"1, 3, 4, 5, 6, 7, 8, 9, 10, 11, 12, 13, 14, 15, 16, 17"
150,1734603874619,1734603876280,1661,null,"1, 3, 4, 5, 6, 7, 8, 9, 10, 11, 12, 13, 14, 15, 16, 17"
151,1734603874620,1734603876509,1889,null,"1, 3, 4, 5, 6, 7, 8, 9, 10, 11, 12, 13, 14, 15, 16, 17"
152,1734603874694,1734603875661,967,null,"1, 3, 4, 5, 6, 7, 8, 9, 10, 11, 12, 13, 14, 15, 16, 17"
153,1734603874695,1734603876769,2074,null,"1, 3, 4, 5, 6, 7, 8, 9, 10, 11, 12, 13, 14, 15, 16, 17"
154,1734603874697,1734603876280,1583,null,"1, 3, 4, 5, 6, 7, 8, 9, 10, 11, 12, 13, 14, 15, 16, 17"
155,1734603874698,1734603876465,1767,null,"1, 3, 4, 5, 6, 7, 8, 9, 10, 11, 12, 13, 14, 15, 16, 17"
156,1734603874814,1734603876466,1652,null,"1, 3, 4, 5, 6, 7, 8, 9, 10, 11, 12, 13, 14, 15, 16, 17"
157,1734603874831,1734603876579,1748,null,"1, 3, 4, 5, 6, 7, 8, 9, 10, 11, 12, 13, 14, 15, 16, 17"
158,1734603874932,1734603876439,1507,null,"1, 3, 4, 5, 6, 7, 8, 9, 10, 11, 12, 13, 14, 15, 16, 17"
159,1734603875042,1734603876465,1423,null,"1, 3, 4, 5, 6, 7, 8, 9, 10, 11, 12, 13, 14, 15, 16, 17"
160,1734603875044,1734603876937,1893,null,"1, 3, 4, 5, 6, 7, 8, 9, 10, 11, 12, 13, 14, 15, 16, 17"
161,1734603875045,1734603876101,1056,null,"1, 3, 4, 5, 6, 7, 8, 9, 10, 11, 12, 13, 14, 15, 16, 17"
162,1734603875046,1734603876586,1540,null,"1, 3, 4, 5, 6, 7, 8, 9, 10, 11, 12, 13, 14, 15, 16, 17"
163,1734603875047,1734603876579,1532,null,"1, 3, 4, 5, 6, 7, 8, 9, 10, 11, 12, 13, 14, 15, 16, 17"
164,1734603875049,1734603876581,1532,null,"1, 3, 4, 5, 6, 7, 8, 9, 10, 11, 12, 13, 14, 15, 16, 17"
165,1734603875198,1734603876487,1289,null,"1, 3, 4, 5, 6, 7, 8, 9, 10, 11, 12, 13, 14, 15, 16, 17"
166,1734603875200,1734603876771,1571,null,"1, 3, 4, 5, 6, 7, 8, 9, 10, 11, 12, 13, 14, 15, 16, 17"
167,1734603875315,1734603876584,1269,null,"1, 3, 4, 5, 6, 7, 8, 9, 10, 11, 12, 13, 14, 15, 16, 17"
168,1734603875327,1734603876814,1487,null,"1, 3, 4, 5, 6, 7, 8, 9, 10, 11, 12, 13, 14, 15, 16, 17"
169,1734603875330,1734603876884,1554,null,"1, 3, 4, 5, 6, 7, 8, 9, 10, 11, 12, 13, 14, 15, 16, 17"
170,1734603875494,1734603877087,1593,null,"1, 3, 4, 5, 6, 7, 8, 9, 10, 11, 12, 13, 14, 15, 16, 17"
171,1734603875495,1734603877087,1592,null,"1, 3, 4, 5, 6, 7, 8, 9, 10, 11, 12, 13, 14, 15, 16, 17"
172,1734603875497,1734603877087,1590,null,"1, 3, 4, 5, 6, 7, 8, 9, 10, 11, 12, 13, 14, 15, 16, 17"
173,1734603875539,1734603877087,1548,null,"1, 3, 4, 5, 6, 7, 8, 9, 10, 11, 12, 13, 14, 15, 16, 17"
174,1734603875540,1734603877198,1658,null,"1, 3, 4, 5, 6, 7, 8, 9, 10, 11, 12, 13, 14, 15, 16, 17"
175,1734603875736,1734603876937,1201,null,"1, 3, 4, 5, 6, 7, 8, 9, 10, 11, 12, 13, 14, 15, 16, 17"
176,1734603875737,1734603877087,1350,null,"1, 3, 4, 5, 6, 7, 8, 9, 10, 11, 12, 13, 14, 15, 16, 17"
177,1734603875871,1734603877198,1327,null,"1, 3, 4, 5, 6, 7, 8, 9, 10, 11, 12, 13, 14, 15, 16, 17"
178,1734603875872,1734603877087,1215,null,"1, 3, 4, 5, 6, 7, 8, 9, 10, 11, 12, 13, 14, 15, 16, 17"
179,1734603875968,1734603877087,1119,null,"1, 3, 4, 5, 6, 7, 8, 9, 10, 11, 12, 13, 14, 15, 16, 17"
180,1734603875970,1734603877087,1117,null,"1, 3, 4, 5, 6, 7, 8, 9, 10, 11, 12, 13, 14, 15, 16, 17"
181,1734603876027,1734603877360,1333,null,"1, 3, 4, 5, 6, 7, 8, 9, 10, 11, 12, 13, 14, 15, 16, 17"
182,1734603876099,1734603877087,988,null,"1, 3, 4, 5, 6, 7, 8, 9, 10, 11, 12, 13, 14, 15, 16, 17"
183,1734603876111,1734603877102,991,null,"1, 3, 4, 5, 6, 7, 8, 9, 10, 11, 12, 13, 14, 15, 16, 17"
184,1734603876153,1734603877358,1205,null,"1, 3, 4, 5, 6, 7, 8, 9, 10, 11, 12, 13, 14, 15, 16, 17"
185,1734603876235,1734603877306,1071,null,"1, 3, 4, 5, 6, 7, 8, 9, 10, 11, 12, 13, 14, 15, 16, 17"
186,1734603876237,1734603877087,850,null,"1, 3, 4, 5, 6, 7, 8, 9, 10, 11, 12, 13, 14, 15, 16, 17"
187,1734603876238,1734603877725,1487,null,"1, 3, 4, 5, 6, 7, 8, 9, 10, 11, 12, 13, 14, 15, 16, 17"
188,1734603876281,1734603877315,1034,null,"1, 3, 4, 5, 6, 7, 8, 9, 10, 11, 12, 13, 14, 15, 16, 17"
189,1734603876282,1734603877358,1076,null,"1, 3, 4, 5, 6, 7, 8, 9, 10, 11, 12, 13, 14, 15, 16, 17"
190,1734603876341,1734603877358,1017,null,"1, 3, 4, 5, 6, 7, 8, 9, 10, 11, 12, 13, 14, 15, 16, 17"
191,1734603876342,1734603877439,1097,null,"1, 3, 4, 5, 6, 7, 8, 9, 10, 11, 12, 13, 14, 15, 16, 17"
192,1734603876343,1734603877497,1154,null,"1, 3, 4, 5, 6, 7, 8, 9, 10, 11, 12, 13, 14, 15, 16, 17"
193,1734603876459,1734603877496,1037,null,"1, 3, 4, 5, 6, 7, 8, 9, 10, 11, 12, 13, 14, 15, 16, 17"
194,1734603876460,1734603877631,1171,null,"1, 3, 4, 5, 6, 7, 8, 9, 10, 11, 12, 13, 14, 15, 16, 17"
195,1734603876462,1734603877685,1223,null,"1, 3, 4, 5, 6, 7, 8, 9, 10, 11, 12, 13, 14, 15, 16, 17"
196,1734603876595,1734603877790,1195,null,"1, 3, 4, 5, 6, 7, 8, 9, 10, 11, 12, 13, 14, 15, 16, 17"
197,1734603876596,1734603877358,762,null,"1, 3, 4, 5, 6, 7, 8, 9, 10, 11, 12, 13, 14, 15, 16, 17"
198,1734603876598,1734603877975,1377,null,"1, 3, 4, 5, 6, 7, 8, 9, 10, 11, 12, 13, 14, 15, 16, 17"
199,1734603876717,1734603877821,1104,null,"1, 3, 4, 5, 6, 7, 8, 9, 10, 11, 12, 13, 14, 15, 16, 17"
200,1734603876728,1734603877619,891,null,"1, 3, 4, 5, 6, 7, 8, 9, 10, 11, 12, 13, 14, 15, 16, 17"
201,1734603876730,1734603877619,889,null,"1, 3, 4, 5, 6, 7, 8, 9, 10, 11, 12, 13, 14, 15, 16, 17"
202,1734603876825,1734603877915,1090,null,"1, 3, 4, 5, 6, 7, 8, 9, 10, 11, 12, 13, 14, 15, 16, 17"
203,1734603876827,1734603877914,1087,null,"1, 3, 4, 5, 6, 7, 8, 9, 10, 11, 12, 13, 14, 15, 16, 17"
204,1734603876870,1734603878010,1140,null,"1, 3, 4, 5, 6, 7, 8, 9, 10, 11, 12, 13, 14, 15, 16, 17"
205,1734603876875,1734603877975,1100,null,"1, 3, 4, 5, 6, 7, 8, 9, 10, 11, 12, 13, 14, 15, 16, 17"
206,1734603876885,1734603878138,1253,null,"1, 3, 4, 5, 6, 7, 8, 9, 10, 11, 12, 13, 14, 15, 16, 17"
207,1734603876920,1734603877914,994,null,"1, 3, 4, 5, 6, 7, 8, 9, 10, 11, 12, 13, 14, 15, 16, 17"
208,1734603876921,1734603878004,1083,null,"1, 3, 4, 5, 6, 7, 8, 9, 10, 11, 12, 13, 14, 15, 16, 17"
209,1734603876985,1734603878233,1248,null,"1, 3, 4, 5, 6, 7, 8, 9, 10, 11, 12, 13, 14, 15, 16, 17"
210,1734603877023,1734603877975,952,null,"1, 3, 4, 5, 6, 7, 8, 9, 10, 11, 12, 13, 14, 15, 16, 17"
211,1734603877029,1734603878043,1014,null,"1, 3, 4, 5, 6, 7, 8, 9, 10, 11, 12, 13, 14, 15, 16, 17"
212,1734603877030,1734603878107,1077,null,"1, 3, 4, 5, 6, 7, 8, 9, 10, 11, 12, 13, 14, 15, 16, 17"
213,1734603877074,1734603878042,968,null,"1, 3, 4, 5, 6, 7, 8, 9, 10, 11, 12, 13, 14, 15, 16, 17"
214,1734603877076,1734603878233,1157,null,"1, 3, 4, 5, 6, 7, 8, 9, 10, 11, 12, 13, 14, 15, 16, 17"
215,1734603877077,1734603877975,898,null,"1, 3, 4, 5, 6, 7, 8, 9, 10, 11, 12, 13, 14, 15, 16, 17"
216,1734603877165,1734603878517,1352,null,"1, 3, 4, 5, 6, 7, 8, 9, 10, 11, 12, 13, 14, 15, 16, 17"
217,1734603877218,1734603878382,1164,null,"1, 3, 4, 5, 6, 7, 8, 9, 10, 11, 12, 13, 14, 15, 16, 17"
218,1734603877219,1734603878041,822,null,"1, 3, 4, 5, 6, 7, 8, 9, 10, 11, 12, 13, 14, 15, 16, 17"
219,1734603877293,1734603878233,940,null,"1, 3, 4, 5, 6, 7, 8, 9, 10, 11, 12, 13, 14, 15, 16, 17"
220,1734603877296,1734603878618,1322,null,"1, 3, 4, 5, 6, 7, 8, 9, 10, 11, 12, 13, 14, 15, 16, 17"
221,1734603877298,1734603878233,935,null,"1, 3, 4, 5, 6, 7, 8, 9, 10, 11, 12, 13, 14, 15, 16, 17"
222,1734603877338,1734603878409,1071,null,"1, 3, 4, 5, 6, 7, 8, 9, 10, 11, 12, 13, 14, 15, 16, 17"
223,1734603877340,1734603878252,912,null,"1, 3, 4, 5, 6, 7, 8, 9, 10, 11, 12, 13, 14, 15, 16, 17"
224,1734603877407,1734603878447,1040,null,"1, 3, 4, 5, 6, 7, 8, 9, 10, 11, 12, 13, 14, 15, 16, 17"
225,1734603877409,1734603878427,1018,null,"1, 3, 4, 5, 6, 7, 8, 9, 10, 11, 12, 13, 14, 15, 16, 17"
226,1734603877468,1734603878234,766,null,"1, 3, 4, 5, 6, 7, 8, 9, 10, 11, 12, 13, 14, 15, 16, 17"
227,1734603877470,1734603878434,964,null,"1, 3, 4, 5, 6, 7, 8, 9, 10, 11, 12, 13, 14, 15, 16, 17"
228,1734603877471,1734603878447,976,null,"1, 3, 4, 5, 6, 7, 8, 9, 10, 11, 12, 13, 14, 15, 16, 17"
229,1734603877553,1734603878699,1146,null,"1, 3, 4, 5, 6, 7, 8, 9, 10, 11, 12, 13, 14, 15, 16, 17"
230,1734603877554,1734603878618,1064,null,"1, 3, 4, 5, 6, 7, 8, 9, 10, 11, 12, 13, 14, 15, 16, 17"
231,1734603877555,1734603878307,752,null,"1, 3, 4, 5, 6, 7, 8, 9, 10, 11, 12, 13, 14, 15, 16, 17"
232,1734603877607,1734603878700,1093,null,"1, 3, 4, 5, 6, 7, 8, 9, 10, 11, 12, 13, 14, 15, 16, 17"
233,1734603877609,1734603878759,1150,null,"1, 3, 4, 5, 6, 7, 8, 9, 10, 11, 12, 13, 14, 15, 16, 17"
234,1734603877704,1734603878566,862,null,"1, 3, 4, 5, 6, 7, 8, 9, 10, 11, 12, 13, 14, 15, 16, 17"
235,1734603877705,1734603878624,919,null,"1, 3, 4, 5, 6, 7, 8, 9, 10, 11, 12, 13, 14, 15, 16, 17"
236,1734603877706,1734603878441,735,null,"1, 3, 4, 5, 6, 7, 8, 9, 10, 11, 12, 13, 14, 15, 16, 17"
237,1734603877756,1734603878724,968,null,"1, 3, 4, 5, 6, 7, 8, 9, 10, 11, 12, 13, 14, 15, 16, 17"
238,1734603877757,1734603878613,856,null,"1, 3, 4, 5, 6, 7, 8, 9, 10, 11, 12, 13, 14, 15, 16, 17"
239,1734603877759,1734603878908,1149,null,"1, 3, 4, 5, 6, 7, 8, 9, 10, 11, 12, 13, 14, 15, 16, 17"
240,1734603877832,1734603878409,577,null,"1, 3, 4, 5, 6, 7, 8, 9, 10, 11, 12, 13, 14, 15, 16, 17"
241,1734603877836,1734603878785,949,null,"1, 3, 4, 5, 6, 7, 8, 9, 10, 11, 12, 13, 14, 15, 16, 17"
242,1734603877906,1734603878810,904,null,"1, 3, 4, 5, 6, 7, 8, 9, 10, 11, 12, 13, 14, 15, 16, 17"
243,1734603877916,1734603878962,1046,null,"1, 3, 4, 5, 6, 7, 8, 9, 10, 11, 12, 13, 14, 15, 16, 17"
244,1734603877969,1734603879019,1050,null,"1, 3, 4, 5, 6, 7, 8, 9, 10, 11, 12, 13, 14, 15, 16, 17"
245,1734603877970,1734603878838,868,null,"1, 3, 4, 5, 6, 7, 8, 9, 10, 11, 12, 13, 14, 15, 16, 17"
246,1734603878053,1734603878909,856,null,"1, 3, 4, 5, 6, 7, 8, 9, 10, 11, 12, 13, 14, 15, 16, 17"
247,1734603878060,1734603878958,898,null,"1, 3, 4, 5, 6, 7, 8, 9, 10, 11, 12, 13, 14, 15, 16, 17"
248,1734603878062,1734603879154,1092,null,"1, 3, 4, 5, 6, 7, 8, 9, 10, 11, 12, 13, 14, 15, 16, 17"
249,1734603878138,1734603879064,926,null,"1, 3, 4, 5, 6, 7, 8, 9, 10, 11, 12, 13, 14, 15, 16, 17"
250,1734603878139,1734603879107,968,null,"1, 3, 4, 5, 6, 7, 8, 9, 10, 11, 12, 13, 14, 15, 16, 17"
251,1734603878152,1734603879311,1159,null,"1, 3, 4, 5, 6, 7, 8, 9, 10, 11, 12, 13, 14, 15, 16, 17"
252,1734603878218,1734603879154,936,null,"1, 3, 4, 5, 6, 7, 8, 9, 10, 11, 12, 13, 14, 15, 16, 17"
253,1734603878222,1734603879154,932,null,"1, 3, 4, 5, 6, 7, 8, 9, 10, 11, 12, 13, 14, 15, 16, 17"
254,1734603878224,1734603879219,995,null,"1, 3, 4, 5, 6, 7, 8, 9, 10, 11, 12, 13, 14, 15, 16, 17"
255,1734603878280,1734603879019,739,null,"1, 3, 4, 5, 6, 7, 8, 9, 10, 11, 12, 13, 14, 15, 16, 17"
256,1734603878281,1734603879380,1099,null,"1, 3, 4, 5, 6, 7, 8, 9, 10, 11, 12, 13, 14, 15, 16, 17"
257,1734603878375,1734603879219,844,null,"1, 3, 4, 5, 6, 7, 8, 9, 10, 11, 12, 13, 14, 15, 16, 17"
258,1734603878439,1734603879381,942,null,"1, 3, 4, 5, 6, 7, 8, 9, 10, 11, 12, 13, 14, 15, 16, 17"
259,1734603878471,1734603879517,1046,null,"1, 3, 4, 5, 6, 7, 8, 9, 10, 11, 12, 13, 14, 15, 16, 17"
260,1734603878505,1734603879584,1079,null,"1, 3, 4, 5, 6, 7, 8, 9, 10, 11, 12, 13, 14, 15, 16, 17"
261,1734603878514,1734603879380,866,null,"1, 3, 4, 5, 6, 7, 8, 9, 10, 11, 12, 13, 14, 15, 16, 17"
262,1734603878579,1734603879584,1005,null,"1, 3, 4, 5, 6, 7, 8, 9, 10, 11, 12, 13, 14, 15, 16, 17"
263,1734603878593,1734603879359,766,null,"1, 3, 4, 5, 6, 7, 8, 9, 10, 11, 12, 13, 14, 15, 16, 17"
264,1734603878594,1734603879380,786,null,"1, 3, 4, 5, 6, 7, 8, 9, 10, 11, 12, 13, 14, 15, 16, 17"
265,1734603878655,1734603879381,726,null,"1, 3, 4, 5, 6, 7, 8, 9, 10, 11, 12, 13, 14, 15, 16, 17"
266,1734603878672,1734603879540,868,null,"1, 3, 4, 5, 6, 7, 8, 9, 10, 11, 12, 13, 14, 15, 16, 17"
267,1734603878691,1734603879584,893,null,"1, 3, 4, 5, 6, 7, 8, 9, 10, 11, 12, 13, 14, 15, 16, 17"
268,1734603878692,1734603879593,901,null,"1, 3, 4, 5, 6, 7, 8, 9, 10, 11, 12, 13, 14, 15, 16, 17"
269,1734603878772,1734603879661,889,null,"1, 3, 4, 5, 6, 7, 8, 9, 10, 11, 12, 13, 14, 15, 16, 17"
270,1734603878783,1734603879381,598,null,"1, 3, 4, 5, 6, 7, 8, 9, 10, 11, 12, 13, 14, 15, 16, 17"
271,1734603878821,1734603879891,1070,null,"1, 3, 4, 5, 6, 7, 8, 9, 10, 11, 12, 13, 14, 15, 16, 17"
272,1734603878822,1734603879887,1065,null,"1, 3, 4, 5, 6, 7, 8, 9, 10, 11, 12, 13, 14, 15, 16, 17"
273,1734603878823,1734603879766,943,null,"1, 3, 4, 5, 6, 7, 8, 9, 10, 11, 12, 13, 14, 15, 16, 17"
274,1734603878864,1734603879891,1027,null,"1, 3, 4, 5, 6, 7, 8, 9, 10, 11, 12, 13, 14, 15, 16, 17"
275,1734603878879,1734603879585,706,null,"1, 3, 4, 5, 6, 7, 8, 9, 10, 11, 12, 13, 14, 15, 16, 17"
276,1734603878933,1734603879763,830,null,"1, 3, 4, 5, 6, 7, 8, 9, 10, 11, 12, 13, 14, 15, 16, 17"
277,1734603878944,1734603879586,642,null,"1, 3, 4, 5, 6, 7, 8, 9, 10, 11, 12, 13, 14, 15, 16, 17"
278,1734603878971,1734603879891,920,null,"1, 3, 4, 5, 6, 7, 8, 9, 10, 11, 12, 13, 14, 15, 16, 17"
279,1734603878972,1734603879815,843,null,"1, 3, 4, 5, 6, 7, 8, 9, 10, 11, 12, 13, 14, 15, 16, 17"
280,1734603878973,1734603879979,1006,null,"1, 3, 4, 5, 6, 7, 8, 9, 10, 11, 12, 13, 14, 15, 16, 17"
281,1734603879104,1734603879979,875,null,"1, 3, 4, 5, 6, 7, 8, 9, 10, 11, 12, 13, 14, 15, 16, 17"
282,1734603879106,1734603879979,873,null,"1, 3, 4, 5, 6, 7, 8, 9, 10, 11, 12, 13, 14, 15, 16, 17"
283,1734603879173,1734603880000,827,null,"1, 3, 4, 5, 6, 7, 8, 9, 10, 11, 12, 13, 14, 15, 16, 17"
284,1734603879175,1734603880245,1070,null,"1, 3, 4, 5, 6, 7, 8, 9, 10, 11, 12, 13, 14, 15, 16, 17"
285,1734603879176,1734603880176,1000,null,"1, 3, 4, 5, 6, 7, 8, 9, 10, 11, 12, 13, 14, 15, 16, 17"
286,1734603879268,1734603880103,835,null,"1, 3, 4, 5, 6, 7, 8, 9, 10, 11, 12, 13, 14, 15, 16, 17"
287,1734603879269,1734603880176,907,null,"1, 3, 4, 5, 6, 7, 8, 9, 10, 11, 12, 13, 14, 15, 16, 17"
288,1734603879303,1734603880269,966,null,"1, 3, 4, 5, 6, 7, 8, 9, 10, 11, 12, 13, 14, 15, 16, 17"
289,1734603879305,1734603880103,798,null,"1, 3, 4, 5, 6, 7, 8, 9, 10, 11, 12, 13, 14, 15, 16, 17"
290,1734603879354,1734603880176,822,null,"1, 3, 4, 5, 6, 7, 8, 9, 10, 11, 12, 13, 14, 15, 16, 17"
291,1734603879363,1734603880343,980,null,"1, 3, 4, 5, 6, 7, 8, 9, 10, 11, 12, 13, 14, 15, 16, 17"
292,1734603879392,1734603880249,857,null,"1, 3, 4, 5, 6, 7, 8, 9, 10, 11, 12, 13, 14, 15, 16, 17"
293,1734603879394,1734603880176,782,null,"1, 3, 4, 5, 6, 7, 8, 9, 10, 11, 12, 13, 14, 15, 16, 17"
294,1734603879449,1734603880396,947,null,"1, 3, 4, 5, 6, 7, 8, 9, 10, 11, 12, 13, 14, 15, 16, 17"
295,1734603879468,1734603880396,928,null,"1, 3, 4, 5, 6, 7, 8, 9, 10, 11, 12, 13, 14, 15, 16, 17"
296,1734603879470,1734603880523,1053,null,"1, 3, 4, 5, 6, 7, 8, 9, 10, 11, 12, 13, 14, 15, 16, 17"
297,1734603879536,1734603880269,733,null,"1, 3, 4, 5, 6, 7, 8, 9, 10, 11, 12, 13, 14, 15, 16, 17"
298,1734603879538,1734603880252,714,null,"1, 3, 4, 5, 6, 7, 8, 9, 10, 11, 12, 13, 14, 15, 16, 17"
299,1734603879582,1734603880531,949,null,"1, 3, 4, 5, 6, 7, 8, 9, 10, 11, 12, 13, 14, 15, 16, 17"
300,1734603879606,1734603880688,1082,null,"1, 3, 4, 5, 6, 7, 8, 9, 10, 11, 12, 13, 14, 15, 16, 17"
301,1734603879607,1734603880538,931,null,"1, 3, 4, 5, 6, 7, 8, 9, 10, 11, 12, 13, 14, 15, 16, 17"
302,1734603879671,1734603880502,831,null,"1, 3, 4, 5, 6, 7, 8, 9, 10, 11, 12, 13, 14, 15, 16, 17"
303,1734603879681,1734603880644,963,null,"1, 3, 4, 5, 6, 7, 8, 9, 10, 11, 12, 13, 14, 15, 16, 17"
304,1734603879706,1734603880222,516,null,"1, 3, 4, 5, 6, 7, 8, 9, 10, 11, 12, 13, 14, 15, 16, 17"
305,1734603879713,1734603880423,710,null,"1, 3, 4, 5, 6, 7, 8, 9, 10, 11, 12, 13, 14, 15, 16, 17"
306,1734603879741,1734603880642,901,null,"1, 3, 4, 5, 6, 7, 8, 9, 10, 11, 12, 13, 14, 15, 16, 17"
307,1734603879743,1734603880505,762,null,"1, 3, 4, 5, 6, 7, 8, 9, 10, 11, 12, 13, 14, 15, 16, 17"
308,1734603879744,1734603880813,1069,null,"1, 3, 4, 5, 6, 7, 8, 9, 10, 11, 12, 13, 14, 15, 16, 17"
309,1734603879840,1734603880642,802,null,"1, 3, 4, 5, 6, 7, 8, 9, 10, 11, 12, 13, 14, 15, 16, 17"
310,1734603879842,1734603880854,1012,null,"1, 3, 4, 5, 6, 7, 8, 9, 10, 11, 12, 13, 14, 15, 16, 17"
311,1734603879843,1734603880727,884,null,"1, 3, 4, 5, 6, 7, 8, 9, 10, 11, 12, 13, 14, 15, 16, 17"
312,1734603879914,1734603880688,774,null,"1, 3, 4, 5, 6, 7, 8, 9, 10, 11, 12, 13, 14, 15, 16, 17"
313,1734603879923,1734603880983,1060,null,"1, 3, 4, 5, 6, 7, 8, 9, 10, 11, 12, 13, 14, 15, 16, 17"
314,1734603880020,1734603880824,804,null,"1, 3, 4, 5, 6, 7, 8, 9, 10, 11, 12, 13, 14, 15, 16, 17"
315,1734603880022,1734603881136,1114,null,"1, 3, 4, 5, 6, 7, 8, 9, 10, 11, 12, 13, 14, 15, 16, 17"
316,1734603880071,1734603880983,912,null,"1, 3, 4, 5, 6, 7, 8, 9, 10, 11, 12, 13, 14, 15, 16, 17"
317,1734603880122,1734603880983,861,null,"1, 3, 4, 5, 6, 7, 8, 9, 10, 11, 12, 13, 14, 15, 16, 17"
318,1734603880134,1734603881041,907,null,"1, 3, 4, 5, 6, 7, 8, 9, 10, 11, 12, 13, 14, 15, 16, 17"
319,1734603880136,1734603881041,905,null,"1, 3, 4, 5, 6, 7, 8, 9, 10, 11, 12, 13, 14, 15, 16, 17"
320,1734603880200,1734603881089,889,null,"1, 3, 4, 5, 6, 7, 8, 9, 10, 11, 12, 13, 14, 15, 16, 17"
321,1734603880250,1734603881136,886,null,"1, 3, 4, 5, 6, 7, 8, 9, 10, 11, 12, 13, 14, 15, 16, 17"
322,1734603880252,1734603881248,996,null,"1, 3, 4, 5, 6, 7, 8, 9, 10, 11, 12, 13, 14, 15, 16, 17"
323,1734603880291,1734603881246,955,null,"1, 3, 4, 5, 6, 7, 8, 9, 10, 11, 12, 13, 14, 15, 16, 17"
324,1734603880293,1734603881136,843,null,"1, 3, 4, 5, 6, 7, 8, 9, 10, 11, 12, 13, 14, 15, 16, 17"
325,1734603880299,1734603881197,898,null,"1, 3, 4, 5, 6, 7, 8, 9, 10, 11, 12, 13, 14, 15, 16, 17"
326,1734603880340,1734603881411,1071,null,"1, 3, 4, 5, 6, 7, 8, 9, 10, 11, 12, 13, 14, 15, 16, 17"
327,1734603880369,1734603881136,767,null,"1, 3, 4, 5, 6, 7, 8, 9, 10, 11, 12, 13, 14, 15, 16, 17"
328,1734603880371,1734603881640,1269,null,"1, 3, 4, 5, 6, 7, 8, 9, 10, 11, 12, 13, 14, 15, 16, 17"
329,1734603880402,1734603881246,844,null,"1, 3, 4, 5, 6, 7, 8, 9, 10, 11, 12, 13, 14, 15, 16, 17"
330,1734603880403,1734603881688,1285,null,"1, 3, 4, 5, 6, 7, 8, 9, 10, 11, 12, 13, 14, 15, 16, 17"
331,1734603880405,1734603881440,1035,null,"1, 3, 4, 5, 6, 7, 8, 9, 10, 11, 12, 13, 14, 15, 16, 17"
332,1734603880437,1734603881338,901,null,"1, 3, 4, 5, 6, 7, 8, 9, 10, 11, 12, 13, 14, 15, 16, 17"
333,1734603880439,1734603881880,1441,null,"1, 3, 4, 5, 6, 7, 8, 9, 10, 11, 12, 13, 14, 15, 16, 17"
334,1734603880486,1734603881880,1394,null,"1, 3, 4, 5, 6, 7, 8, 9, 10, 11, 12, 13, 14, 15, 16, 17"
335,1734603880487,1734603881411,924,null,"1, 3, 4, 5, 6, 7, 8, 9, 10, 11, 12, 13, 14, 15, 16, 17"
336,1734603880489,1734603881451,962,null,"1, 3, 4, 5, 6, 7, 8, 9, 10, 11, 12, 13, 14, 15, 16, 17"
337,1734603880567,1734603881639,1072,null,"1, 3, 4, 5, 6, 7, 8, 9, 10, 11, 12, 13, 14, 15, 16, 17"
338,1734603880568,1734603881441,873,null,"1, 3, 4, 5, 6, 7, 8, 9, 10, 11, 12, 13, 14, 15, 16, 17"
339,1734603880663,1734603881188,525,null,"1, 3, 4, 5, 6, 7, 8, 9, 10, 11, 12, 13, 14, 15, 16, 17"
340,1734603880665,1734603881411,746,null,"1, 3, 4, 5, 6, 7, 8, 9, 10, 11, 12, 13, 14, 15, 16, 17"
341,1734603880666,1734603881766,1100,null,"1, 3, 4, 5, 6, 7, 8, 9, 10, 11, 12, 13, 14, 15, 16, 17"
342,1734603880733,1734603881505,772,null,"1, 3, 4, 5, 6, 7, 8, 9, 10, 11, 12, 13, 14, 15, 16, 17"
343,1734603880742,1734603881639,897,null,"1, 3, 4, 5, 6, 7, 8, 9, 10, 11, 12, 13, 14, 15, 16, 17"
344,1734603880770,1734603881561,791,null,"1, 3, 4, 5, 6, 7, 8, 9, 10, 11, 12, 13, 14, 15, 16, 17"
345,1734603880771,1734603881640,869,null,"1, 3, 4, 5, 6, 7, 8, 9, 10, 11, 12, 13, 14, 15, 16, 17"
346,1734603880772,1734603881411,639,null,"1, 3, 4, 5, 6, 7, 8, 9, 10, 11, 12, 13, 14, 15, 16, 17"
347,1734603880846,1734603881838,992,null,"1, 3, 4, 5, 6, 7, 8, 9, 10, 11, 12, 13, 14, 15, 16, 17"
348,1734603880891,1734603881838,947,null,"1, 3, 4, 5, 6, 7, 8, 9, 10, 11, 12, 13, 14, 15, 16, 17"
349,1734603880892,1734603881999,1107,null,"1, 3, 4, 5, 6, 7, 8, 9, 10, 11, 12, 13, 14, 15, 16, 17"
350,1734603880894,1734603881937,1043,null,"1, 3, 4, 5, 6, 7, 8, 9, 10, 11, 12, 13, 14, 15, 16, 17"
351,1734603880967,1734603881960,993,null,"1, 3, 4, 5, 6, 7, 8, 9, 10, 11, 12, 13, 14, 15, 16, 17"
352,1734603881005,1734603882114,1109,null,"1, 3, 4, 5, 6, 7, 8, 9, 10, 11, 12, 13, 14, 15, 16, 17"
353,1734603881006,1734603882084,1078,null,"1, 3, 4, 5, 6, 7, 8, 9, 10, 11, 12, 13, 14, 15, 16, 17"
354,1734603881079,1734603882546,1467,null,"1, 3, 4, 5, 6, 7, 8, 9, 10, 11, 12, 13, 14, 15, 16, 17"
355,1734603881112,1734603882110,998,null,"1, 3, 4, 5, 6, 7, 8, 9, 10, 11, 12, 13, 14, 15, 16, 17"
356,1734603881129,1734603882546,1417,null,"1, 3, 4, 5, 6, 7, 8, 9, 10, 11, 12, 13, 14, 15, 16, 17"
357,1734603881242,1734603882546,1304,null,"1, 3, 4, 5, 6, 7, 8, 9, 10, 11, 12, 13, 14, 15, 16, 17"
358,1734603881247,1734603882546,1299,null,"1, 3, 4, 5, 6, 7, 8, 9, 10, 11, 12, 13, 14, 15, 16, 17"
359,1734603881248,1734603882546,1298,null,"1, 3, 4, 5, 6, 7, 8, 9, 10, 11, 12, 13, 14, 15, 16, 17"
360,1734603881299,1734603882248,949,null,"1, 3, 4, 5, 6, 7, 8, 9, 10, 11, 12, 13, 14, 15, 16, 17"
361,1734603881305,1734603882546,1241,null,"1, 3, 4, 5, 6, 7, 8, 9, 10, 11, 12, 13, 14, 15, 16, 17"
362,1734603881307,1734603882546,1239,null,"1, 3, 4, 5, 6, 7, 8, 9, 10, 11, 12, 13, 14, 15, 16, 17"
363,1734603881336,1734603882930,1594,null,"1, 3, 4, 5, 6, 7, 8, 9, 10, 11, 12, 13, 14, 15, 16, 17"
364,1734603881337,1734603882546,1209,null,"1, 3, 4, 5, 6, 7, 8, 9, 10, 11, 12, 13, 14, 15, 16, 17"
365,1734603881402,1734603882766,1364,null,"1, 3, 4, 5, 6, 7, 8, 9, 10, 11, 12, 13, 14, 15, 16, 17"
366,1734603881403,1734603882546,1143,null,"1, 3, 4, 5, 6, 7, 8, 9, 10, 11, 12, 13, 14, 15, 16, 17"
367,1734603881404,1734603883246,1842,null,"1, 3, 4, 5, 6, 7, 8, 9, 10, 11, 12, 13, 14, 15, 16, 17"
368,1734603881502,1734603882546,1044,null,"1, 3, 4, 5, 6, 7, 8, 9, 10, 11, 12, 13, 14, 15, 16, 17"
369,1734603881507,1734603882546,1039,null,"1, 3, 4, 5, 6, 7, 8, 9, 10, 11, 12, 13, 14, 15, 16, 17"
370,1734603881511,1734603883147,1636,null,"1, 3, 4, 5, 6, 7, 8, 9, 10, 11, 12, 13, 14, 15, 16, 17"
371,1734603881513,1734603883053,1540,null,"1, 3, 4, 5, 6, 7, 8, 9, 10, 11, 12, 13, 14, 15, 16, 17"
372,1734603881517,1734603882546,1029,null,"1, 3, 4, 5, 6, 7, 8, 9, 10, 11, 12, 13, 14, 15, 16, 17"
373,1734603881542,1734603882847,1305,null,"1, 3, 4, 5, 6, 7, 8, 9, 10, 11, 12, 13, 14, 15, 16, 17"
374,1734603881543,1734603883310,1767,null,"1, 3, 4, 5, 6, 7, 8, 9, 10, 11, 12, 13, 14, 15, 16, 17"
375,1734603881545,1734603883062,1517,null,"1, 3, 4, 5, 6, 7, 8, 9, 10, 11, 12, 13, 14, 15, 16, 17"
376,1734603881626,1734603883053,1427,null,"1, 3, 4, 5, 6, 7, 8, 9, 10, 11, 12, 13, 14, 15, 16, 17"
377,1734603881638,1734603883054,1416,null,"1, 3, 4, 5, 6, 7, 8, 9, 10, 11, 12, 13, 14, 15, 16, 17"
378,1734603881712,1734603882766,1054,null,"1, 3, 4, 5, 6, 7, 8, 9, 10, 11, 12, 13, 14, 15, 16, 17"
379,1734603881714,1734603882846,1132,null,"1, 3, 4, 5, 6, 7, 8, 9, 10, 11, 12, 13, 14, 15, 16, 17"
380,1734603881715,1734603883066,1351,null,"1, 3, 4, 5, 6, 7, 8, 9, 10, 11, 12, 13, 14, 15, 16, 17"
381,1734603881766,1734603882846,1080,null,"1, 3, 4, 5, 6, 7, 8, 9, 10, 11, 12, 13, 14, 15, 16, 17"
382,1734603881767,1734603882786,1019,null,"1, 3, 4, 5, 6, 7, 8, 9, 10, 11, 12, 13, 14, 15, 16, 17"
383,1734603881830,1734603882846,1016,null,"1, 3, 4, 5, 6, 7, 8, 9, 10, 11, 12, 13, 14, 15, 16, 17"
384,1734603881841,1734603882546,705,null,"1, 3, 4, 5, 6, 7, 8, 9, 10, 11, 12, 13, 14, 15, 16, 17"
385,1734603881842,1734603882742,900,null,"1, 3, 4, 5, 6, 7, 8, 9, 10, 11, 12, 13, 14, 15, 16, 17"
386,1734603881867,1734603883396,1529,null,"1, 3, 4, 5, 6, 7, 8, 9, 10, 11, 12, 13, 14, 15, 16, 17"
387,1734603881868,1734603882546,678,null,"1, 3, 4, 5, 6, 7, 8, 9, 10, 11, 12, 13, 14, 15, 16, 17"
388,1734603881929,1734603882872,943,null,"1, 3, 4, 5, 6, 7, 8, 9, 10, 11, 12, 13, 14, 15, 16, 17"
389,1734603881942,1734603882854,912,null,"1, 3, 4, 5, 6, 7, 8, 9, 10, 11, 12, 13, 14, 15, 16, 17"
390,1734603881966,1734603882881,915,null,"1, 3, 4, 5, 6, 7, 8, 9, 10, 11, 12, 13, 14, 15, 16, 17"
391,1734603881968,1734603882846,878,null,"1, 3, 4, 5, 6, 7, 8, 9, 10, 11, 12, 13, 14, 15, 16, 17"
392,1734603881969,1734603883395,1426,null,"1, 3, 4, 5, 6, 7, 8, 9, 10, 11, 12, 13, 14, 15, 16, 17"
393,1734603882038,1734603883053,1015,null,"1, 3, 4, 5, 6, 7, 8, 9, 10, 11, 12, 13, 14, 15, 16, 17"
394,1734603882040,1734603883625,1585,null,"1, 3, 4, 5, 6, 7, 8, 9, 10, 11, 12, 13, 14, 15, 16, 17"
395,1734603882041,1734603882847,806,null,"1, 3, 4, 5, 6, 7, 8, 9, 10, 11, 12, 13, 14, 15, 16, 17"
396,1734603882109,1734603883624,1515,null,"1, 3, 4, 5, 6, 7, 8, 9, 10, 11, 12, 13, 14, 15, 16, 17"
397,1734603882110,1734603883310,1200,null,"1, 3, 4, 5, 6, 7, 8, 9, 10, 11, 12, 13, 14, 15, 16, 17"
398,1734603882112,1734603883371,1259,null,"1, 3, 4, 5, 6, 7, 8, 9, 10, 11, 12, 13, 14, 15, 16, 17"
399,1734603882113,1734603883624,1511,null,"1, 3, 4, 5, 6, 7, 8, 9, 10, 11, 12, 13, 14, 15, 16, 17"
400,1734603882115,1734603883625,1510,null,"1, 3, 4, 5, 6, 7, 8, 9, 10, 11, 12, 13, 14, 15, 16, 17"
401,1734603882116,1734603883734,1618,null,"1, 3, 4, 5, 6, 7, 8, 9, 10, 11, 12, 13, 14, 15, 16, 17"
402,1734603882117,1734603883636,1519,null,"1, 3, 4, 5, 6, 7, 8, 9, 10, 11, 12, 13, 14, 15, 16, 17"
403,1734603882119,1734603883401,1282,null,"1, 3, 4, 5, 6, 7, 8, 9, 10, 11, 12, 13, 14, 15, 16, 17"
404,1734603882120,1734603883315,1195,null,"1, 3, 4, 5, 6, 7, 8, 9, 10, 11, 12, 13, 14, 15, 16, 17"
405,1734603882121,1734603883325,1204,null,"1, 3, 4, 5, 6, 7, 8, 9, 10, 11, 12, 13, 14, 15, 16, 17"
406,1734603882123,1734603883053,930,null,"1, 3, 4, 5, 6, 7, 8, 9, 10, 11, 12, 13, 14, 15, 16, 17"
407,1734603882124,1734603883918,1794,null,"1, 3, 4, 5, 6, 7, 8, 9, 10, 11, 12, 13, 14, 15, 16, 17"
408,1734603882125,1734603883246,1121,null,"1, 3, 4, 5, 6, 7, 8, 9, 10, 11, 12, 13, 14, 15, 16, 17"
409,1734603882160,1734603883246,1086,null,"1, 3, 4, 5, 6, 7, 8, 9, 10, 11, 12, 13, 14, 15, 16, 17"
410,1734603882161,1734603882928,767,null,"1, 3, 4, 5, 6, 7, 8, 9, 10, 11, 12, 13, 14, 15, 16, 17"
411,1734603882238,1734603883456,1218,null,"1, 3, 4, 5, 6, 7, 8, 9, 10, 11, 12, 13, 14, 15, 16, 17"
412,1734603882247,1734603883422,1175,null,"1, 3, 4, 5, 6, 7, 8, 9, 10, 11, 12, 13, 14, 15, 16, 17"
413,1734603882301,1734603883625,1324,null,"1, 3, 4, 5, 6, 7, 8, 9, 10, 11, 12, 13, 14, 15, 16, 17"
414,1734603882302,1734603883624,1322,null,"1, 3, 4, 5, 6, 7, 8, 9, 10, 11, 12, 13, 14, 15, 16, 17"
415,1734603882304,1734603883345,1041,null,"1, 3, 4, 5, 6, 7, 8, 9, 10, 11, 12, 13, 14, 15, 16, 17"
416,1734603882397,1734603883984,1587,null,"1, 3, 4, 5, 6, 7, 8, 9, 10, 11, 12, 13, 14, 15, 16, 17"
417,1734603882414,1734603884356,1942,null,"1, 3, 4, 5, 6, 7, 8, 9, 10, 11, 12, 13, 14, 15, 16, 17"
418,1734603882511,1734603883451,940,null,"1, 3, 4, 5, 6, 7, 8, 9, 10, 11, 12, 13, 14, 15, 16, 17"
419,1734603882512,1734603884217,1705,null,"1, 3, 4, 5, 6, 7, 8, 9, 10, 11, 12, 13, 14, 15, 16, 17"
420,1734603882579,1734603884008,1429,null,"1, 3, 4, 5, 6, 7, 8, 9, 10, 11, 12, 13, 14, 15, 16, 17"
421,1734603882580,1734603883625,1045,null,"1, 3, 4, 5, 6, 7, 8, 9, 10, 11, 12, 13, 14, 15, 16, 17"
422,1734603882661,1734603883625,964,null,"1, 3, 4, 5, 6, 7, 8, 9, 10, 11, 12, 13, 14, 15, 16, 17"
423,1734603882663,1734603884217,1554,null,"1, 3, 4, 5, 6, 7, 8, 9, 10, 11, 12, 13, 14, 15, 16, 17"
424,1734603882664,1734603884357,1693,null,"1, 3, 4, 5, 6, 7, 8, 9, 10, 11, 12, 13, 14, 15, 16, 17"
425,1734603882716,1734603883731,1015,null,"1, 3, 4, 5, 6, 7, 8, 9, 10, 11, 12, 13, 14, 15, 16, 17"
426,1734603882718,1734603883446,728,null,"1, 3, 4, 5, 6, 7, 8, 9, 10, 11, 12, 13, 14, 15, 16, 17"
427,1734603882831,1734603884217,1386,null,"1, 3, 4, 5, 6, 7, 8, 9, 10, 11, 12, 13, 14, 15, 16, 17"
428,1734603882905,1734603884217,1312,null,"1, 3, 4, 5, 6, 7, 8, 9, 10, 11, 12, 13, 14, 15, 16, 17"
429,1734603882907,1734603883625,718,null,"1, 3, 4, 5, 6, 7, 8, 9, 10, 11, 12, 13, 14, 15, 16, 17"
430,1734603883001,1734603884356,1355,null,"1, 3, 4, 5, 6, 7, 8, 9, 10, 11, 12, 13, 14, 15, 16, 17"
431,1734603883050,1734603884643,1593,null,"1, 3, 4, 5, 6, 7, 8, 9, 10, 11, 12, 13, 14, 15, 16, 17"
432,1734603883052,1734603884759,1707,null,"1, 3, 4, 5, 6, 7, 8, 9, 10, 11, 12, 13, 14, 15, 16, 17"
433,1734603883079,1734603884456,1377,null,"1, 3, 4, 5, 6, 7, 8, 9, 10, 11, 12, 13, 14, 15, 16, 17"
434,1734603883081,1734603884643,1562,null,"1, 3, 4, 5, 6, 7, 8, 9, 10, 11, 12, 13, 14, 15, 16, 17"
435,1734603883082,1734603884232,1150,null,"1, 3, 4, 5, 6, 7, 8, 9, 10, 11, 12, 13, 14, 15, 16, 17"
436,1734603883264,1734603884357,1093,null,"1, 3, 4, 5, 6, 7, 8, 9, 10, 11, 12, 13, 14, 15, 16, 17"
437,1734603883293,1734603884748,1455,null,"1, 3, 4, 5, 6, 7, 8, 9, 10, 11, 12, 13, 14, 15, 16, 17"
438,1734603883295,1734603883906,611,null,"1, 3, 4, 5, 6, 7, 8, 9, 10, 11, 12, 13, 14, 15, 16, 17"
439,1734603883326,1734603884290,964,null,"1, 3, 4, 5, 6, 7, 8, 9, 10, 11, 12, 13, 14, 15, 16, 17"
440,1734603883388,1734603884643,1255,null,"1, 3, 4, 5, 6, 7, 8, 9, 10, 11, 12, 13, 14, 15, 16, 17"
441,1734603883390,1734603884756,1366,null,"1, 3, 4, 5, 6, 7, 8, 9, 10, 11, 12, 13, 14, 15, 16, 17"
442,1734603883391,1734603884756,1365,null,"1, 3, 4, 5, 6, 7, 8, 9, 10, 11, 12, 13, 14, 15, 16, 17"
443,1734603883448,1734603885128,1680,null,"1, 3, 4, 5, 6, 7, 8, 9, 10, 11, 12, 13, 14, 15, 16, 17"
444,1734603883449,1734603885197,1748,null,"1, 3, 4, 5, 6, 7, 8, 9, 10, 11, 12, 13, 14, 15, 16, 17"
445,1734603883450,1734603884506,1056,null,"1, 3, 4, 5, 6, 7, 8, 9, 10, 11, 12, 13, 14, 15, 16, 17"
446,1734603883532,1734603885320,1788,null,"1, 3, 4, 5, 6, 7, 8, 9, 10, 11, 12, 13, 14, 15, 16, 17"
447,1734603883534,1734603885129,1595,null,"1, 3, 4, 5, 6, 7, 8, 9, 10, 11, 12, 13, 14, 15, 16, 17"
448,1734603883601,1734603884919,1318,null,"1, 3, 4, 5, 6, 7, 8, 9, 10, 11, 12, 13, 14, 15, 16, 17"
449,1734603883603,1734603885130,1527,null,"1, 3, 4, 5, 6, 7, 8, 9, 10, 11, 12, 13, 14, 15, 16, 17"
450,1734603883604,1734603885129,1525,null,"1, 3, 4, 5, 6, 7, 8, 9, 10, 11, 12, 13, 14, 15, 16, 17"
451,1734603883678,1734603884884,1206,null,"1, 3, 4, 5, 6, 7, 8, 9, 10, 11, 12, 13, 14, 15, 16, 17"
452,1734603883679,1734603885129,1450,null,"1, 3, 4, 5, 6, 7, 8, 9, 10, 11, 12, 13, 14, 15, 16, 17"
453,1734603883680,1734603885547,1867,null,"1, 3, 4, 5, 6, 7, 8, 9, 10, 11, 12, 13, 14, 15, 16, 17"
454,1734603883682,1734603885129,1447,null,"1, 3, 4, 5, 6, 7, 8, 9, 10, 11, 12, 13, 14, 15, 16, 17"
455,1734603883683,1734603885128,1445,null,"1, 3, 4, 5, 6, 7, 8, 9, 10, 11, 12, 13, 14, 15, 16, 17"
456,1734603883684,1734603885401,1717,null,"1, 3, 4, 5, 6, 7, 8, 9, 10, 11, 12, 13, 14, 15, 16, 17"
457,1734603883685,1734603884896,1211,null,"1, 3, 4, 5, 6, 7, 8, 9, 10, 11, 12, 13, 14, 15, 16, 17"
458,1734603883687,1734603885128,1441,null,"1, 3, 4, 5, 6, 7, 8, 9, 10, 11, 12, 13, 14, 15, 16, 17"
459,1734603883688,1734603884896,1208,null,"1, 3, 4, 5, 6, 7, 8, 9, 10, 11, 12, 13, 14, 15, 16, 17"
460,1734603883689,1734603885547,1858,null,"1, 3, 4, 5, 6, 7, 8, 9, 10, 11, 12, 13, 14, 15, 16, 17"
461,1734603883690,1734603885128,1438,null,"1, 3, 4, 5, 6, 7, 8, 9, 10, 11, 12, 13, 14, 15, 16, 17"
462,1734603883692,1734603885129,1437,null,"1, 3, 4, 5, 6, 7, 8, 9, 10, 11, 12, 13, 14, 15, 16, 17"
463,1734603883693,1734603885129,1436,null,"1, 3, 4, 5, 6, 7, 8, 9, 10, 11, 12, 13, 14, 15, 16, 17"
464,1734603883695,1734603885197,1502,null,"1, 3, 4, 5, 6, 7, 8, 9, 10, 11, 12, 13, 14, 15, 16, 17"
465,1734603883696,1734603884638,942,null,"1, 3, 4, 5, 6, 7, 8, 9, 10, 11, 12, 13, 14, 15, 16, 17"
466,1734603883726,1734603885128,1402,null,"1, 3, 4, 5, 6, 7, 8, 9, 10, 11, 12, 13, 14, 15, 16, 17"
467,1734603883728,1734603885129,1401,null,"1, 3, 4, 5, 6, 7, 8, 9, 10, 11, 12, 13, 14, 15, 16, 17"
468,1734603883729,1734603885130,1401,null,"1, 3, 4, 5, 6, 7, 8, 9, 10, 11, 12, 13, 14, 15, 16, 17"
469,1734603883892,1734603885008,1116,null,"1, 3, 4, 5, 6, 7, 8, 9, 10, 11, 12, 13, 14, 15, 16, 17"
470,1734603883894,1734603885197,1303,null,"1, 3, 4, 5, 6, 7, 8, 9, 10, 11, 12, 13, 14, 15, 16, 17"
471,1734603883895,1734603884899,1004,null,"1, 3, 4, 5, 6, 7, 8, 9, 10, 11, 12, 13, 14, 15, 16, 17"
472,1734603883984,1734603885128,1144,null,"1, 3, 4, 5, 6, 7, 8, 9, 10, 11, 12, 13, 14, 15, 16, 17"
473,1734603884023,1734603885130,1107,null,"1, 3, 4, 5, 6, 7, 8, 9, 10, 11, 12, 13, 14, 15, 16, 17"
474,1734603884024,1734603885335,1311,null,"1, 3, 4, 5, 6, 7, 8, 9, 10, 11, 12, 13, 14, 15, 16, 17"
475,1734603884026,1734603884756,730,null,"1, 3, 4, 5, 6, 7, 8, 9, 10, 11, 12, 13, 14, 15, 16, 17"
476,1734603884116,1734603885129,1013,null,"1, 3, 4, 5, 6, 7, 8, 9, 10, 11, 12, 13, 14, 15, 16, 17"
477,1734603884117,1734603885356,1239,null,"1, 3, 4, 5, 6, 7, 8, 9, 10, 11, 12, 13, 14, 15, 16, 17"
478,1734603884219,1734603885617,1398,null,"1, 3, 4, 5, 6, 7, 8, 9, 10, 11, 12, 13, 14, 15, 16, 17"
479,1734603884232,1734603885637,1405,null,"1, 3, 4, 5, 6, 7, 8, 9, 10, 11, 12, 13, 14, 15, 16, 17"
480,1734603884275,1734603885874,1599,null,"1, 3, 4, 5, 6, 7, 8, 9, 10, 11, 12, 13, 14, 15, 16, 17"
481,1734603884281,1734603885636,1355,null,"1, 3, 4, 5, 6, 7, 8, 9, 10, 11, 12, 13, 14, 15, 16, 17"
482,1734603884350,1734603885637,1287,null,"1, 3, 4, 5, 6, 7, 8, 9, 10, 11, 12, 13, 14, 15, 16, 17"
483,1734603884351,1734603885129,778,null,"1, 3, 4, 5, 6, 7, 8, 9, 10, 11, 12, 13, 14, 15, 16, 17"
484,1734603884356,1734603885955,1599,null,"1, 3, 4, 5, 6, 7, 8, 9, 10, 11, 12, 13, 14, 15, 16, 17"
485,1734603884368,1734603885129,761,null,"1, 3, 4, 5, 6, 7, 8, 9, 10, 11, 12, 13, 14, 15, 16, 17"
486,1734603884369,1734603885320,951,null,"1, 3, 4, 5, 6, 7, 8, 9, 10, 11, 12, 13, 14, 15, 16, 17"
487,1734603884370,1734603885546,1176,null,"1, 3, 4, 5, 6, 7, 8, 9, 10, 11, 12, 13, 14, 15, 16, 17"
488,1734603884437,1734603885734,1297,null,"1, 3, 4, 5, 6, 7, 8, 9, 10, 11, 12, 13, 14, 15, 16, 17"
489,1734603884438,1734603885546,1108,null,"1, 3, 4, 5, 6, 7, 8, 9, 10, 11, 12, 13, 14, 15, 16, 17"
490,1734603884501,1734603885546,1045,null,"1, 3, 4, 5, 6, 7, 8, 9, 10, 11, 12, 13, 14, 15, 16, 17"
491,1734603884502,1734603885636,1134,null,"1, 3, 4, 5, 6, 7, 8, 9, 10, 11, 12, 13, 14, 15, 16, 17"
492,1734603884518,1734603885792,1274,null,"1, 3, 4, 5, 6, 7, 8, 9, 10, 11, 12, 13, 14, 15, 16, 17"
493,1734603884562,1734603885636,1074,null,"1, 3, 4, 5, 6, 7, 8, 9, 10, 11, 12, 13, 14, 15, 16, 17"
494,1734603884563,1734603885547,984,null,"1, 3, 4, 5, 6, 7, 8, 9, 10, 11, 12, 13, 14, 15, 16, 17"
495,1734603884638,1734603885734,1096,null,"1, 3, 4, 5, 6, 7, 8, 9, 10, 11, 12, 13, 14, 15, 16, 17"
496,1734603884641,1734603885954,1313,null,"1, 3, 4, 5, 6, 7, 8, 9, 10, 11, 12, 13, 14, 15, 16, 17"
497,1734603884723,1734603885955,1232,null,"1, 3, 4, 5, 6, 7, 8, 9, 10, 11, 12, 13, 14, 15, 16, 17"
498,1734603884804,1734603885955,1151,null,"1, 3, 4, 5, 6, 7, 8, 9, 10, 11, 12, 13, 14, 15, 16, 17"
499,1734603884891,1734603885954,1063,null,"1, 3, 4, 5, 6, 7, 8, 9, 10, 11, 12, 13, 14, 15, 16, 17"
500,1734603884904,1734603885954,1050,null,"1, 3, 4, 5, 6, 7, 8, 9, 10, 11, 12, 13, 14, 15, 16, 17"
501,1734603884968,1734603885851,883,null,"1, 3, 4, 5, 6, 7, 8, 9, 10, 11, 12, 13, 14, 15, 16, 17"
502,1734603885051,1734603886285,1234,null,"1, 3, 4, 5, 6, 7, 8, 9, 10, 11, 12, 13, 14, 15, 16, 17"
503,1734603885149,1734603886083,934,null,"1, 3, 4, 5, 6, 7, 8, 9, 10, 11, 12, 13, 14, 15, 16, 17"
504,1734603885151,1734603886216,1065,null,"1, 3, 4, 5, 6, 7, 8, 9, 10, 11, 12, 13, 14, 15, 16, 17"
505,1734603885216,1734603886209,993,null,"1, 3, 4, 5, 6, 7, 8, 9, 10, 11, 12, 13, 14, 15, 16, 17"
506,1734603885328,1734603886285,957,null,"1, 3, 4, 5, 6, 7, 8, 9, 10, 11, 12, 13, 14, 15, 16, 17"
507,1734603885330,1734603886462,1132,null,"1, 3, 4, 5, 6, 7, 8, 9, 10, 11, 12, 13, 14, 15, 16, 17"
508,1734603885425,1734603886073,648,null,"1, 3, 4, 5, 6, 7, 8, 9, 10, 11, 12, 13, 14, 15, 16, 17"
509,1734603885427,1734603886215,788,null,"1, 3, 4, 5, 6, 7, 8, 9, 10, 11, 12, 13, 14, 15, 16, 17"
510,1734603885524,1734603886285,761,null,"1, 3, 4, 5, 6, 7, 8, 9, 10, 11, 12, 13, 14, 15, 16, 17"
511,1734603885592,1734603886453,861,null,"1, 3, 4, 5, 6, 7, 8, 9, 10, 11, 12, 13, 14, 15, 16, 17"
512,1734603885639,1734603886447,808,null,"1, 3, 4, 5, 6, 7, 8, 9, 10, 11, 12, 13, 14, 15, 16, 17"
513,1734603885648,1734603886521,873,null,"1, 3, 4, 5, 6, 7, 8, 9, 10, 11, 12, 13, 14, 15, 16, 17"
514,1734603885712,1734603886669,957,null,"1, 3, 4, 5, 6, 7, 8, 9, 10, 11, 12, 13, 14, 15, 16, 17"
515,1734603885798,1734603886396,598,null,"1, 3, 4, 5, 6, 7, 8, 9, 10, 11, 12, 13, 14, 15, 16, 17"
516,1734603885800,1734603886544,744,null,"1, 3, 4, 5, 6, 7, 8, 9, 10, 11, 12, 13, 14, 15, 16, 17"
517,1734603885880,1734603886659,779,null,"1, 3, 4, 5, 6, 7, 8, 9, 10, 11, 12, 13, 14, 15, 16, 17"
518,1734603885882,1734603886740,858,null,"1, 3, 4, 5, 6, 7, 8, 9, 10, 11, 12, 13, 14, 15, 16, 17"
519,1734603885950,1734603886737,787,null,"1, 3, 4, 5, 6, 7, 8, 9, 10, 11, 12, 13, 14, 15, 16, 17"
520,1734603885956,1734603886750,794,null,"1, 3, 4, 5, 6, 7, 8, 9, 10, 11, 12, 13, 14, 15, 16, 17"
521,1734603885958,1734603886853,895,null,"1, 3, 4, 5, 6, 7, 8, 9, 10, 11, 12, 13, 14, 15, 16, 17"
522,1734603885960,1734603886987,1027,null,"1, 3, 4, 5, 6, 7, 8, 9, 10, 11, 12, 13, 14, 15, 16, 17"
523,1734603885997,1734603886818,821,null,"1, 3, 4, 5, 6, 7, 8, 9, 10, 11, 12, 13, 14, 15, 16, 17"
524,1734603886006,1734603887019,1013,null,"1, 3, 4, 5, 6, 7, 8, 9, 10, 11, 12, 13, 14, 15, 16, 17"
525,1734603886036,1734603886865,829,null,"1, 3, 4, 5, 6, 7, 8, 9, 10, 11, 12, 13, 14, 15, 16, 17"
526,1734603886075,1734603887091,1016,null,"1, 3, 4, 5, 6, 7, 8, 9, 10, 11, 12, 13, 14, 15, 16, 17"
527,1734603886116,1734603886866,750,null,"1, 3, 4, 5, 6, 7, 8, 9, 10, 11, 12, 13, 14, 15, 16, 17"
528,1734603886131,1734603887092,961,null,"1, 3, 4, 5, 6, 7, 8, 9, 10, 11, 12, 13, 14, 15, 16, 17"
529,1734603886155,1734603886837,682,null,"1, 3, 4, 5, 6, 7, 8, 9, 10, 11, 12, 13, 14, 15, 16, 17"
530,1734603886203,1734603887091,888,null,"1, 3, 4, 5, 6, 7, 8, 9, 10, 11, 12, 13, 14, 15, 16, 17"
531,1734603886215,1734603886863,648,null,"1, 3, 4, 5, 6, 7, 8, 9, 10, 11, 12, 13, 14, 15, 16, 17"
532,1734603886217,1734603887216,999,null,"1, 3, 4, 5, 6, 7, 8, 9, 10, 11, 12, 13, 14, 15, 16, 17"
533,1734603886218,1734603887091,873,null,"1, 3, 4, 5, 6, 7, 8, 9, 10, 11, 12, 13, 14, 15, 16, 17"
534,1734603886263,1734603887350,1087,null,"1, 3, 4, 5, 6, 7, 8, 9, 10, 11, 12, 13, 14, 15, 16, 17"
535,1734603886265,1734603887260,995,null,"1, 3, 4, 5, 6, 7, 8, 9, 10, 11, 12, 13, 14, 15, 16, 17"
536,1734603886298,1734603887476,1178,null,"1, 3, 4, 5, 6, 7, 8, 9, 10, 11, 12, 13, 14, 15, 16, 17"
537,1734603886299,1734603887216,917,null,"1, 3, 4, 5, 6, 7, 8, 9, 10, 11, 12, 13, 14, 15, 16, 17"
538,1734603886301,1734603887216,915,null,"1, 3, 4, 5, 6, 7, 8, 9, 10, 11, 12, 13, 14, 15, 16, 17"
539,1734603886329,1734603887118,789,null,"1, 3, 4, 5, 6, 7, 8, 9, 10, 11, 12, 13, 14, 15, 16, 17"
540,1734603886331,1734603887091,760,null,"1, 3, 4, 5, 6, 7, 8, 9, 10, 11, 12, 13, 14, 15, 16, 17"
541,1734603886397,1734603887350,953,null,"1, 3, 4, 5, 6, 7, 8, 9, 10, 11, 12, 13, 14, 15, 16, 17"
542,1734603886413,1734603887216,803,null,"1, 3, 4, 5, 6, 7, 8, 9, 10, 11, 12, 13, 14, 15, 16, 17"
543,1734603886423,1734603887471,1048,null,"1, 3, 4, 5, 6, 7, 8, 9, 10, 11, 12, 13, 14, 15, 16, 17"
544,1734603886424,1734603887371,947,null,"1, 3, 4, 5, 6, 7, 8, 9, 10, 11, 12, 13, 14, 15, 16, 17"
545,1734603886472,1734603887471,999,null,"1, 3, 4, 5, 6, 7, 8, 9, 10, 11, 12, 13, 14, 15, 16, 17"
546,1734603886474,1734603887376,902,null,"1, 3, 4, 5, 6, 7, 8, 9, 10, 11, 12, 13, 14, 15, 16, 17"
547,1734603886482,1734603887260,778,null,"1, 3, 4, 5, 6, 7, 8, 9, 10, 11, 12, 13, 14, 15, 16, 17"
548,1734603886488,1734603886954,466,null,"1, 3, 4, 5, 6, 7, 8, 9, 10, 11, 12, 13, 14, 15, 16, 17"
549,1734603886514,1734603887495,981,null,"1, 3, 4, 5, 6, 7, 8, 9, 10, 11, 12, 13, 14, 15, 16, 17"
550,1734603886515,1734603887495,980,null,"1, 3, 4, 5, 6, 7, 8, 9, 10, 11, 12, 13, 14, 15, 16, 17"
551,1734603886594,1734603887765,1171,null,"1, 3, 4, 5, 6, 7, 8, 9, 10, 11, 12, 13, 14, 15, 16, 17"
552,1734603886599,1734603887645,1046,null,"1, 3, 4, 5, 6, 7, 8, 9, 10, 11, 12, 13, 14, 15, 16, 17"
553,1734603886661,1734603887778,1117,null,"1, 3, 4, 5, 6, 7, 8, 9, 10, 11, 12, 13, 14, 15, 16, 17"
554,1734603886670,1734603887645,975,null,"1, 3, 4, 5, 6, 7, 8, 9, 10, 11, 12, 13, 14, 15, 16, 17"
555,1734603886671,1734603887665,994,null,"1, 3, 4, 5, 6, 7, 8, 9, 10, 11, 12, 13, 14, 15, 16, 17"
556,1734603886733,1734603887710,977,null,"1, 3, 4, 5, 6, 7, 8, 9, 10, 11, 12, 13, 14, 15, 16, 17"
557,1734603886738,1734603887897,1159,null,"1, 3, 4, 5, 6, 7, 8, 9, 10, 11, 12, 13, 14, 15, 16, 17"
558,1734603886751,1734603887873,1122,null,"1, 3, 4, 5, 6, 7, 8, 9, 10, 11, 12, 13, 14, 15, 16, 17"
559,1734603886840,1734603888045,1205,null,"1, 3, 4, 5, 6, 7, 8, 9, 10, 11, 12, 13, 14, 15, 16, 17"
560,1734603886841,1734603888045,1204,null,"1, 3, 4, 5, 6, 7, 8, 9, 10, 11, 12, 13, 14, 15, 16, 17"
561,1734603886843,1734603887781,938,null,"1, 3, 4, 5, 6, 7, 8, 9, 10, 11, 12, 13, 14, 15, 16, 17"
562,1734603886883,1734603887789,906,null,"1, 3, 4, 5, 6, 7, 8, 9, 10, 11, 12, 13, 14, 15, 16, 17"
563,1734603886885,1734603887973,1088,null,"1, 3, 4, 5, 6, 7, 8, 9, 10, 11, 12, 13, 14, 15, 16, 17"
564,1734603886942,1734603888208,1266,null,"1, 3, 4, 5, 6, 7, 8, 9, 10, 11, 12, 13, 14, 15, 16, 17"
565,1734603886943,1734603888249,1306,null,"1, 3, 4, 5, 6, 7, 8, 9, 10, 11, 12, 13, 14, 15, 16, 17"
566,1734603886944,1734603888271,1327,null,"1, 3, 4, 5, 6, 7, 8, 9, 10, 11, 12, 13, 14, 15, 16, 17"
567,1734603886989,1734603888045,1056,null,"1, 3, 4, 5, 6, 7, 8, 9, 10, 11, 12, 13, 14, 15, 16, 17"
568,1734603886991,1734603887823,832,null,"1, 3, 4, 5, 6, 7, 8, 9, 10, 11, 12, 13, 14, 15, 16, 17"
569,1734603887036,1734603888208,1172,null,"1, 3, 4, 5, 6, 7, 8, 9, 10, 11, 12, 13, 14, 15, 16, 17"
570,1734603887079,1734603888169,1090,null,"1, 3, 4, 5, 6, 7, 8, 9, 10, 11, 12, 13, 14, 15, 16, 17"
571,1734603887091,1734603888354,1263,null,"1, 3, 4, 5, 6, 7, 8, 9, 10, 11, 12, 13, 14, 15, 16, 17"
572,1734603887093,1734603888098,1005,null,"1, 3, 4, 5, 6, 7, 8, 9, 10, 11, 12, 13, 14, 15, 16, 17"
573,1734603887181,1734603888433,1252,null,"1, 3, 4, 5, 6, 7, 8, 9, 10, 11, 12, 13, 14, 15, 16, 17"
574,1734603887183,1734603888349,1166,null,"1, 3, 4, 5, 6, 7, 8, 9, 10, 11, 12, 13, 14, 15, 16, 17"
575,1734603887231,1734603888540,1309,null,"1, 3, 4, 5, 6, 7, 8, 9, 10, 11, 12, 13, 14, 15, 16, 17"
576,1734603887232,1734603888208,976,null,"1, 3, 4, 5, 6, 7, 8, 9, 10, 11, 12, 13, 14, 15, 16, 17"
577,1734603887234,1734603888255,1021,null,"1, 3, 4, 5, 6, 7, 8, 9, 10, 11, 12, 13, 14, 15, 16, 17"
578,1734603887288,1734603888537,1249,null,"1, 3, 4, 5, 6, 7, 8, 9, 10, 11, 12, 13, 14, 15, 16, 17"
579,1734603887297,1734603888214,917,null,"1, 3, 4, 5, 6, 7, 8, 9, 10, 11, 12, 13, 14, 15, 16, 17"
580,1734603887377,1734603888208,831,null,"1, 3, 4, 5, 6, 7, 8, 9, 10, 11, 12, 13, 14, 15, 16, 17"
581,1734603887382,1734603888601,1219,null,"1, 3, 4, 5, 6, 7, 8, 9, 10, 11, 12, 13, 14, 15, 16, 17"
582,1734603887450,1734603888537,1087,null,"1, 3, 4, 5, 6, 7, 8, 9, 10, 11, 12, 13, 14, 15, 16, 17"
583,1734603887456,1734603888633,1177,null,"1, 3, 4, 5, 6, 7, 8, 9, 10, 11, 12, 13, 14, 15, 16, 17"
584,1734603887458,1734603888705,1247,null,"1, 3, 4, 5, 6, 7, 8, 9, 10, 11, 12, 13, 14, 15, 16, 17"
585,1734603887480,1734603888351,871,null,"1, 3, 4, 5, 6, 7, 8, 9, 10, 11, 12, 13, 14, 15, 16, 17"
586,1734603887482,1734603888654,1172,null,"1, 3, 4, 5, 6, 7, 8, 9, 10, 11, 12, 13, 14, 15, 16, 17"
587,1734603887525,1734603888601,1076,null,"1, 3, 4, 5, 6, 7, 8, 9, 10, 11, 12, 13, 14, 15, 16, 17"
588,1734603887526,1734603888766,1240,null,"1, 3, 4, 5, 6, 7, 8, 9, 10, 11, 12, 13, 14, 15, 16, 17"
589,1734603887527,1734603888808,1281,null,"1, 3, 4, 5, 6, 7, 8, 9, 10, 11, 12, 13, 14, 15, 16, 17"
590,1734603887597,1734603888602,1005,null,"1, 3, 4, 5, 6, 7, 8, 9, 10, 11, 12, 13, 14, 15, 16, 17"
591,1734603887598,1734603888845,1247,null,"1, 3, 4, 5, 6, 7, 8, 9, 10, 11, 12, 13, 14, 15, 16, 17"
592,1734603887652,1734603888736,1084,null,"1, 3, 4, 5, 6, 7, 8, 9, 10, 11, 12, 13, 14, 15, 16, 17"
593,1734603887654,1734603888601,947,null,"1, 3, 4, 5, 6, 7, 8, 9, 10, 11, 12, 13, 14, 15, 16, 17"
594,1734603887698,1734603889040,1342,null,"1, 3, 4, 5, 6, 7, 8, 9, 10, 11, 12, 13, 14, 15, 16, 17"
595,1734603887699,1734603889040,1341,null,"1, 3, 4, 5, 6, 7, 8, 9, 10, 11, 12, 13, 14, 15, 16, 17"
596,1734603887700,1734603889158,1458,null,"1, 3, 4, 5, 6, 7, 8, 9, 10, 11, 12, 13, 14, 15, 16, 17"
597,1734603887702,1734603888845,1143,null,"1, 3, 4, 5, 6, 7, 8, 9, 10, 11, 12, 13, 14, 15, 16, 17"
598,1734603887763,1734603888705,942,null,"1, 3, 4, 5, 6, 7, 8, 9, 10, 11, 12, 13, 14, 15, 16, 17"
599,1734603887764,1734603889159,1395,null,"1, 3, 4, 5, 6, 7, 8, 9, 10, 11, 12, 13, 14, 15, 16, 17"
600,1734603887815,1734603889040,1225,null,"1, 3, 4, 5, 6, 7, 8, 9, 10, 11, 12, 13, 14, 15, 16, 17"
601,1734603887856,1734603889158,1302,null,"1, 3, 4, 5, 6, 7, 8, 9, 10, 11, 12, 13, 14, 15, 16, 17"
602,1734603887858,1734603888736,878,null,"1, 3, 4, 5, 6, 7, 8, 9, 10, 11, 12, 13, 14, 15, 16, 17"
603,1734603887859,1734603889158,1299,null,"1, 3, 4, 5, 6, 7, 8, 9, 10, 11, 12, 13, 14, 15, 16, 17"
604,1734603887925,1734603889040,1115,null,"1, 3, 4, 5, 6, 7, 8, 9, 10, 11, 12, 13, 14, 15, 16, 17"
605,1734603887930,1734603889202,1272,null,"1, 3, 4, 5, 6, 7, 8, 9, 10, 11, 12, 13, 14, 15, 16, 17"
606,1734603887940,1734603889159,1219,null,"1, 3, 4, 5, 6, 7, 8, 9, 10, 11, 12, 13, 14, 15, 16, 17"
607,1734603887972,1734603888809,837,null,"1, 3, 4, 5, 6, 7, 8, 9, 10, 11, 12, 13, 14, 15, 16, 17"
608,1734603887973,1734603889158,1185,null,"1, 3, 4, 5, 6, 7, 8, 9, 10, 11, 12, 13, 14, 15, 16, 17"
609,1734603887974,1734603889158,1184,null,"1, 3, 4, 5, 6, 7, 8, 9, 10, 11, 12, 13, 14, 15, 16, 17"
610,1734603888083,1734603889184,1101,null,"1, 3, 4, 5, 6, 7, 8, 9, 10, 11, 12, 13, 14, 15, 16, 17"
611,1734603888087,1734603889283,1196,null,"1, 3, 4, 5, 6, 7, 8, 9, 10, 11, 12, 13, 14, 15, 16, 17"
612,1734603888088,1734603889158,1070,null,"1, 3, 4, 5, 6, 7, 8, 9, 10, 11, 12, 13, 14, 15, 16, 17"
613,1734603888100,1734603889159,1059,null,"1, 3, 4, 5, 6, 7, 8, 9, 10, 11, 12, 13, 14, 15, 16, 17"
614,1734603888101,1734603889210,1109,null,"1, 3, 4, 5, 6, 7, 8, 9, 10, 11, 12, 13, 14, 15, 16, 17"
615,1734603888188,1734603889158,970,null,"1, 3, 4, 5, 6, 7, 8, 9, 10, 11, 12, 13, 14, 15, 16, 17"
616,1734603888197,1734603889158,961,null,"1, 3, 4, 5, 6, 7, 8, 9, 10, 11, 12, 13, 14, 15, 16, 17"
617,1734603888287,1734603889375,1088,null,"1, 3, 4, 5, 6, 7, 8, 9, 10, 11, 12, 13, 14, 15, 16, 17"
618,1734603888289,1734603889250,961,null,"1, 3, 4, 5, 6, 7, 8, 9, 10, 11, 12, 13, 14, 15, 16, 17"
619,1734603888290,1734603889647,1357,null,"1, 3, 4, 5, 6, 7, 8, 9, 10, 11, 12, 13, 14, 15, 16, 17"
620,1734603888336,1734603889595,1259,null,"1, 3, 4, 5, 6, 7, 8, 9, 10, 11, 12, 13, 14, 15, 16, 17"
621,1734603888337,1734603889375,1038,null,"1, 3, 4, 5, 6, 7, 8, 9, 10, 11, 12, 13, 14, 15, 16, 17"
622,1734603888402,1734603889514,1112,null,"1, 3, 4, 5, 6, 7, 8, 9, 10, 11, 12, 13, 14, 15, 16, 17"
623,1734603888407,1734603889504,1097,null,"1, 3, 4, 5, 6, 7, 8, 9, 10, 11, 12, 13, 14, 15, 16, 17"
624,1734603888410,1734603889514,1104,null,"1, 3, 4, 5, 6, 7, 8, 9, 10, 11, 12, 13, 14, 15, 16, 17"
625,1734603888487,1734603889528,1041,null,"1, 3, 4, 5, 6, 7, 8, 9, 10, 11, 12, 13, 14, 15, 16, 17"
626,1734603888489,1734603889604,1115,null,"1, 3, 4, 5, 6, 7, 8, 9, 10, 11, 12, 13, 14, 15, 16, 17"
627,1734603888528,1734603889375,847,null,"1, 3, 4, 5, 6, 7, 8, 9, 10, 11, 12, 13, 14, 15, 16, 17"
628,1734603888529,1734603889629,1100,null,"1, 3, 4, 5, 6, 7, 8, 9, 10, 11, 12, 13, 14, 15, 16, 17"
629,1734603888615,1734603889595,980,null,"1, 3, 4, 5, 6, 7, 8, 9, 10, 11, 12, 13, 14, 15, 16, 17"
630,1734603888691,1734603889757,1066,null,"1, 3, 4, 5, 6, 7, 8, 9, 10, 11, 12, 13, 14, 15, 16, 17"
631,1734603888709,1734603889806,1097,null,"1, 3, 4, 5, 6, 7, 8, 9, 10, 11, 12, 13, 14, 15, 16, 17"
632,1734603888742,1734603889920,1178,null,"1, 3, 4, 5, 6, 7, 8, 9, 10, 11, 12, 13, 14, 15, 16, 17"
633,1734603888743,1734603889981,1238,null,"1, 3, 4, 5, 6, 7, 8, 9, 10, 11, 12, 13, 14, 15, 16, 17"
634,1734603888793,1734603889767,974,null,"1, 3, 4, 5, 6, 7, 8, 9, 10, 11, 12, 13, 14, 15, 16, 17"
635,1734603888805,1734603890140,1335,null,"1, 3, 4, 5, 6, 7, 8, 9, 10, 11, 12, 13, 14, 15, 16, 17"
636,1734603888806,1734603889830,1024,null,"1, 3, 4, 5, 6, 7, 8, 9, 10, 11, 12, 13, 14, 15, 16, 17"
637,1734603888872,1734603890104,1232,null,"1, 3, 4, 5, 6, 7, 8, 9, 10, 11, 12, 13, 14, 15, 16, 17"
638,1734603888873,1734603889784,911,null,"1, 3, 4, 5, 6, 7, 8, 9, 10, 11, 12, 13, 14, 15, 16, 17"
639,1734603888874,1734603889902,1028,null,"1, 3, 4, 5, 6, 7, 8, 9, 10, 11, 12, 13, 14, 15, 16, 17"
640,1734603888954,1734603889784,830,null,"1, 3, 4, 5, 6, 7, 8, 9, 10, 11, 12, 13, 14, 15, 16, 17"
641,1734603888959,1734603890104,1145,null,"1, 3, 4, 5, 6, 7, 8, 9, 10, 11, 12, 13, 14, 15, 16, 17"
642,1734603888960,1734603890007,1047,null,"1, 3, 4, 5, 6, 7, 8, 9, 10, 11, 12, 13, 14, 15, 16, 17"
643,1734603889042,1734603889820,778,null,"1, 3, 4, 5, 6, 7, 8, 9, 10, 11, 12, 13, 14, 15, 16, 17"
644,1734603889043,1734603890041,998,null,"1, 3, 4, 5, 6, 7, 8, 9, 10, 11, 12, 13, 14, 15, 16, 17"
645,1734603889120,1734603890141,1021,null,"1, 3, 4, 5, 6, 7, 8, 9, 10, 11, 12, 13, 14, 15, 16, 17"
646,1734603889135,1734603890204,1069,null,"1, 3, 4, 5, 6, 7, 8, 9, 10, 11, 12, 13, 14, 15, 16, 17"
647,1734603889162,1734603890389,1227,null,"1, 3, 4, 5, 6, 7, 8, 9, 10, 11, 12, 13, 14, 15, 16, 17"
648,1734603889164,1734603890510,1346,null,"1, 3, 4, 5, 6, 7, 8, 9, 10, 11, 12, 13, 14, 15, 16, 17"
649,1734603889165,1734603890141,976,null,"1, 3, 4, 5, 6, 7, 8, 9, 10, 11, 12, 13, 14, 15, 16, 17"
650,1734603889235,1734603890185,950,null,"1, 3, 4, 5, 6, 7, 8, 9, 10, 11, 12, 13, 14, 15, 16, 17"
651,1734603889236,1734603890141,905,null,"1, 3, 4, 5, 6, 7, 8, 9, 10, 11, 12, 13, 14, 15, 16, 17"
652,1734603889314,1734603890453,1139,null,"1, 3, 4, 5, 6, 7, 8, 9, 10, 11, 12, 13, 14, 15, 16, 17"
653,1734603889315,1734603890509,1194,null,"1, 3, 4, 5, 6, 7, 8, 9, 10, 11, 12, 13, 14, 15, 16, 17"
654,1734603889316,1734603890290,974,null,"1, 3, 4, 5, 6, 7, 8, 9, 10, 11, 12, 13, 14, 15, 16, 17"
655,1734603889452,1734603890366,914,null,"1, 3, 4, 5, 6, 7, 8, 9, 10, 11, 12, 13, 14, 15, 16, 17"
656,1734603889485,1734603890534,1049,null,"1, 3, 4, 5, 6, 7, 8, 9, 10, 11, 12, 13, 14, 15, 16, 17"
657,1734603889486,1734603890623,1137,null,"1, 3, 4, 5, 6, 7, 8, 9, 10, 11, 12, 13, 14, 15, 16, 17"
658,1734603889488,1734603890340,852,null,"1, 3, 4, 5, 6, 7, 8, 9, 10, 11, 12, 13, 14, 15, 16, 17"
659,1734603889578,1734603890141,563,null,"1, 3, 4, 5, 6, 7, 8, 9, 10, 11, 12, 13, 14, 15, 16, 17"
660,1734603889638,1734603890785,1147,null,"1, 3, 4, 5, 6, 7, 8, 9, 10, 11, 12, 13, 14, 15, 16, 17"
661,1734603889639,1734603890575,936,null,"1, 3, 4, 5, 6, 7, 8, 9, 10, 11, 12, 13, 14, 15, 16, 17"
662,1734603889691,1734603890622,931,null,"1, 3, 4, 5, 6, 7, 8, 9, 10, 11, 12, 13, 14, 15, 16, 17"
663,1734603889692,1734603890687,995,null,"1, 3, 4, 5, 6, 7, 8, 9, 10, 11, 12, 13, 14, 15, 16, 17"
664,1734603889760,1734603890864,1104,null,"1, 3, 4, 5, 6, 7, 8, 9, 10, 11, 12, 13, 14, 15, 16, 17"
665,1734603889798,1734603890864,1066,null,"1, 3, 4, 5, 6, 7, 8, 9, 10, 11, 12, 13, 14, 15, 16, 17"
666,1734603889800,1734603891062,1262,null,"1, 3, 4, 5, 6, 7, 8, 9, 10, 11, 12, 13, 14, 15, 16, 17"
667,1734603889801,1734603890864,1063,null,"1, 3, 4, 5, 6, 7, 8, 9, 10, 11, 12, 13, 14, 15, 16, 17"
668,1734603889849,1734603891033,1184,null,"1, 3, 4, 5, 6, 7, 8, 9, 10, 11, 12, 13, 14, 15, 16, 17"
669,1734603889850,1734603890687,837,null,"1, 3, 4, 5, 6, 7, 8, 9, 10, 11, 12, 13, 14, 15, 16, 17"
670,1734603889906,1734603891346,1440,null,"1, 3, 4, 5, 6, 7, 8, 9, 10, 11, 12, 13, 14, 15, 16, 17"
671,1734603889907,1734603891146,1239,null,"1, 3, 4, 5, 6, 7, 8, 9, 10, 11, 12, 13, 14, 15, 16, 17"
672,1734603889908,1734603891145,1237,null,"1, 3, 4, 5, 6, 7, 8, 9, 10, 11, 12, 13, 14, 15, 16, 17"
673,1734603889976,1734603891143,1167,null,"1, 3, 4, 5, 6, 7, 8, 9, 10, 11, 12, 13, 14, 15, 16, 17"
674,1734603890020,1734603890807,787,null,"1, 3, 4, 5, 6, 7, 8, 9, 10, 11, 12, 13, 14, 15, 16, 17"
675,1734603890022,1734603890810,788,null,"1, 3, 4, 5, 6, 7, 8, 9, 10, 11, 12, 13, 14, 15, 16, 17"
676,1734603890031,1734603891047,1016,null,"1, 3, 4, 5, 6, 7, 8, 9, 10, 11, 12, 13, 14, 15, 16, 17"
677,1734603890032,1734603891139,1107,null,"1, 3, 4, 5, 6, 7, 8, 9, 10, 11, 12, 13, 14, 15, 16, 17"
678,1734603890133,1734603891139,1006,null,"1, 3, 4, 5, 6, 7, 8, 9, 10, 11, 12, 13, 14, 15, 16, 17"
679,1734603890139,1734603891594,1455,null,"1, 3, 4, 5, 6, 7, 8, 9, 10, 11, 12, 13, 14, 15, 16, 17"
680,1734603890176,1734603891238,1062,null,"1, 3, 4, 5, 6, 7, 8, 9, 10, 11, 12, 13, 14, 15, 16, 17"
681,1734603890177,1734603891346,1169,null,"1, 3, 4, 5, 6, 7, 8, 9, 10, 11, 12, 13, 14, 15, 16, 17"
682,1734603890179,1734603891257,1078,null,"1, 3, 4, 5, 6, 7, 8, 9, 10, 11, 12, 13, 14, 15, 16, 17"
683,1734603890236,1734603891257,1021,null,"1, 3, 4, 5, 6, 7, 8, 9, 10, 11, 12, 13, 14, 15, 16, 17"
684,1734603890237,1734603891062,825,null,"1, 3, 4, 5, 6, 7, 8, 9, 10, 11, 12, 13, 14, 15, 16, 17"
685,1734603890238,1734603891139,901,null,"1, 3, 4, 5, 6, 7, 8, 9, 10, 11, 12, 13, 14, 15, 16, 17"
686,1734603890240,1734603891594,1354,null,"1, 3, 4, 5, 6, 7, 8, 9, 10, 11, 12, 13, 14, 15, 16, 17"
687,1734603890303,1734603891346,1043,null,"1, 3, 4, 5, 6, 7, 8, 9, 10, 11, 12, 13, 14, 15, 16, 17"
688,1734603890304,1734603891580,1276,null,"1, 3, 4, 5, 6, 7, 8, 9, 10, 11, 12, 13, 14, 15, 16, 17"
689,1734603890372,1734603891594,1222,null,"1, 3, 4, 5, 6, 7, 8, 9, 10, 11, 12, 13, 14, 15, 16, 17"
690,1734603890374,1734603891379,1005,null,"1, 3, 4, 5, 6, 7, 8, 9, 10, 11, 12, 13, 14, 15, 16, 17"
691,1734603890375,1734603891594,1219,null,"1, 3, 4, 5, 6, 7, 8, 9, 10, 11, 12, 13, 14, 15, 16, 17"
692,1734603890426,1734603891352,926,null,"1, 3, 4, 5, 6, 7, 8, 9, 10, 11, 12, 13, 14, 15, 16, 17"
693,1734603890427,1734603891594,1167,null,"1, 3, 4, 5, 6, 7, 8, 9, 10, 11, 12, 13, 14, 15, 16, 17"
694,1734603890429,1734603891580,1151,null,"1, 3, 4, 5, 6, 7, 8, 9, 10, 11, 12, 13, 14, 15, 16, 17"
695,1734603890482,1734603891326,844,null,"1, 3, 4, 5, 6, 7, 8, 9, 10, 11, 12, 13, 14, 15, 16, 17"
696,1734603890483,1734603891594,1111,null,"1, 3, 4, 5, 6, 7, 8, 9, 10, 11, 12, 13, 14, 15, 16, 17"
697,1734603890484,1734603891347,863,null,"1, 3, 4, 5, 6, 7, 8, 9, 10, 11, 12, 13, 14, 15, 16, 17"
698,1734603890541,1734603891594,1053,null,"1, 3, 4, 5, 6, 7, 8, 9, 10, 11, 12, 13, 14, 15, 16, 17"
699,1734603890612,1734603891594,982,null,"1, 3, 4, 5, 6, 7, 8, 9, 10, 11, 12, 13, 14, 15, 16, 17"
700,1734603890671,1734603891346,675,null,"1, 3, 4, 5, 6, 7, 8, 9, 10, 11, 12, 13, 14, 15, 16, 17"
701,1734603890672,1734603891848,1176,null,"1, 3, 4, 5, 6, 7, 8, 9, 10, 11, 12, 13, 14, 15, 16, 17"
702,1734603890684,1734603891595,911,null,"1, 3, 4, 5, 6, 7, 8, 9, 10, 11, 12, 13, 14, 15, 16, 17"
703,1734603890686,1734603891939,1253,null,"1, 3, 4, 5, 6, 7, 8, 9, 10, 11, 12, 13, 14, 15, 16, 17"
704,1734603890717,1734603891603,886,null,"1, 3, 4, 5, 6, 7, 8, 9, 10, 11, 12, 13, 14, 15, 16, 17"
705,1734603890725,1734603892125,1400,null,"1, 3, 4, 5, 6, 7, 8, 9, 10, 11, 12, 13, 14, 15, 16, 17"
706,1734603890757,1734603892066,1309,null,"1, 3, 4, 5, 6, 7, 8, 9, 10, 11, 12, 13, 14, 15, 16, 17"
707,1734603890758,1734603891949,1191,null,"1, 3, 4, 5, 6, 7, 8, 9, 10, 11, 12, 13, 14, 15, 16, 17"
708,1734603890760,1734603891671,911,null,"1, 3, 4, 5, 6, 7, 8, 9, 10, 11, 12, 13, 14, 15, 16, 17"
709,1734603890811,1734603891854,1043,null,"1, 3, 4, 5, 6, 7, 8, 9, 10, 11, 12, 13, 14, 15, 16, 17"
710,1734603890861,1734603891988,1127,null,"1, 3, 4, 5, 6, 7, 8, 9, 10, 11, 12, 13, 14, 15, 16, 17"
711,1734603890865,1734603891671,806,null,"1, 3, 4, 5, 6, 7, 8, 9, 10, 11, 12, 13, 14, 15, 16, 17"
712,1734603890867,1734603892116,1249,null,"1, 3, 4, 5, 6, 7, 8, 9, 10, 11, 12, 13, 14, 15, 16, 17"
713,1734603890872,1734603892390,1518,null,"1, 3, 4, 5, 6, 7, 8, 9, 10, 11, 12, 13, 14, 15, 16, 17"
714,1734603890873,1734603892219,1346,null,"1, 3, 4, 5, 6, 7, 8, 9, 10, 11, 12, 13, 14, 15, 16, 17"
715,1734603890931,1734603892096,1165,null,"1, 3, 4, 5, 6, 7, 8, 9, 10, 11, 12, 13, 14, 15, 16, 17"
716,1734603890933,1734603892219,1286,null,"1, 3, 4, 5, 6, 7, 8, 9, 10, 11, 12, 13, 14, 15, 16, 17"
717,1734603890934,1734603892219,1285,null,"1, 3, 4, 5, 6, 7, 8, 9, 10, 11, 12, 13, 14, 15, 16, 17"
718,1734603890993,1734603892314,1321,null,"1, 3, 4, 5, 6, 7, 8, 9, 10, 11, 12, 13, 14, 15, 16, 17"
719,1734603890994,1734603892523,1529,null,"1, 3, 4, 5, 6, 7, 8, 9, 10, 11, 12, 13, 14, 15, 16, 17"
720,1734603890995,1734603892219,1224,null,"1, 3, 4, 5, 6, 7, 8, 9, 10, 11, 12, 13, 14, 15, 16, 17"
721,1734603891063,1734603892352,1289,null,"1, 3, 4, 5, 6, 7, 8, 9, 10, 11, 12, 13, 14, 15, 16, 17"
722,1734603891075,1734603892445,1370,null,"1, 3, 4, 5, 6, 7, 8, 9, 10, 11, 12, 13, 14, 15, 16, 17"
723,1734603891196,1734603892467,1271,null,"1, 3, 4, 5, 6, 7, 8, 9, 10, 11, 12, 13, 14, 15, 16, 17"
724,1734603891198,1734603892066,868,null,"1, 3, 4, 5, 6, 7, 8, 9, 10, 11, 12, 13, 14, 15, 16, 17"
725,1734603891199,1734603891838,639,null,"1, 3, 4, 5, 6, 7, 8, 9, 10, 11, 12, 13, 14, 15, 16, 17"
726,1734603891271,1734603892408,1137,null,"1, 3, 4, 5, 6, 7, 8, 9, 10, 11, 12, 13, 14, 15, 16, 17"
727,1734603891272,1734603892555,1283,null,"1, 3, 4, 5, 6, 7, 8, 9, 10, 11, 12, 13, 14, 15, 16, 17"
728,1734603891273,1734603892382,1109,null,"1, 3, 4, 5, 6, 7, 8, 9, 10, 11, 12, 13, 14, 15, 16, 17"
729,1734603891344,1734603892537,1193,null,"1, 3, 4, 5, 6, 7, 8, 9, 10, 11, 12, 13, 14, 15, 16, 17"
730,1734603891351,1734603892559,1208,null,"1, 3, 4, 5, 6, 7, 8, 9, 10, 11, 12, 13, 14, 15, 16, 17"
731,1734603891352,1734603892705,1353,null,"1, 3, 4, 5, 6, 7, 8, 9, 10, 11, 12, 13, 14, 15, 16, 17"
732,1734603891353,1734603892651,1298,null,"1, 3, 4, 5, 6, 7, 8, 9, 10, 11, 12, 13, 14, 15, 16, 17"
733,1734603891485,1734603892719,1234,null,"1, 3, 4, 5, 6, 7, 8, 9, 10, 11, 12, 13, 14, 15, 16, 17"
734,1734603891585,1734603892467,882,null,"1, 3, 4, 5, 6, 7, 8, 9, 10, 11, 12, 13, 14, 15, 16, 17"
735,1734603891651,1734603892789,1138,null,"1, 3, 4, 5, 6, 7, 8, 9, 10, 11, 12, 13, 14, 15, 16, 17"
736,1734603891653,1734603892789,1136,null,"1, 3, 4, 5, 6, 7, 8, 9, 10, 11, 12, 13, 14, 15, 16, 17"
737,1734603891740,1734603892793,1053,null,"1, 3, 4, 5, 6, 7, 8, 9, 10, 11, 12, 13, 14, 15, 16, 17"
738,1734603891741,1734603893013,1272,null,"1, 3, 4, 5, 6, 7, 8, 9, 10, 11, 12, 13, 14, 15, 16, 17"
739,1734603891742,1734603892700,958,null,"1, 3, 4, 5, 6, 7, 8, 9, 10, 11, 12, 13, 14, 15, 16, 17"
740,1734603891805,1734603892892,1087,null,"1, 3, 4, 5, 6, 7, 8, 9, 10, 11, 12, 13, 14, 15, 16, 17"
741,1734603891807,1734603892788,981,null,"1, 3, 4, 5, 6, 7, 8, 9, 10, 11, 12, 13, 14, 15, 16, 17"
742,1734603891881,1734603892893,1012,null,"1, 3, 4, 5, 6, 7, 8, 9, 10, 11, 12, 13, 14, 15, 16, 17"
743,1734603891882,1734603893114,1232,null,"1, 3, 4, 5, 6, 7, 8, 9, 10, 11, 12, 13, 14, 15, 16, 17"
744,1734603891884,1734603892789,905,null,"1, 3, 4, 5, 6, 7, 8, 9, 10, 11, 12, 13, 14, 15, 16, 17"
745,1734603892034,1734603892892,858,null,"1, 3, 4, 5, 6, 7, 8, 9, 10, 11, 12, 13, 14, 15, 16, 17"
746,1734603892080,1734603892789,709,null,"1, 3, 4, 5, 6, 7, 8, 9, 10, 11, 12, 13, 14, 15, 16, 17"
747,1734603892121,1734603893013,892,null,"1, 3, 4, 5, 6, 7, 8, 9, 10, 11, 12, 13, 14, 15, 16, 17"
748,1734603892122,1734603893123,1001,null,"1, 3, 4, 5, 6, 7, 8, 9, 10, 11, 12, 13, 14, 15, 16, 17"
749,1734603892123,1734603893341,1218,null,"1, 3, 4, 5, 6, 7, 8, 9, 10, 11, 12, 13, 14, 15, 16, 17"
750,1734603892189,1734603893132,943,null,"1, 3, 4, 5, 6, 7, 8, 9, 10, 11, 12, 13, 14, 15, 16, 17"
751,1734603892235,1734603893013,778,null,"1, 3, 4, 5, 6, 7, 8, 9, 10, 11, 12, 13, 14, 15, 16, 17"
752,1734603892236,1734603893321,1085,null,"1, 3, 4, 5, 6, 7, 8, 9, 10, 11, 12, 13, 14, 15, 16, 17"
753,1734603892293,1734603893114,821,null,"1, 3, 4, 5, 6, 7, 8, 9, 10, 11, 12, 13, 14, 15, 16, 17"
754,1734603892298,1734603893298,1000,null,"1, 3, 4, 5, 6, 7, 8, 9, 10, 11, 12, 13, 14, 15, 16, 17"
755,1734603892299,1734603893320,1021,null,"1, 3, 4, 5, 6, 7, 8, 9, 10, 11, 12, 13, 14, 15, 16, 17"
756,1734603892349,1734603893275,926,null,"1, 3, 4, 5, 6, 7, 8, 9, 10, 11, 12, 13, 14, 15, 16, 17"
757,1734603892350,1734603893013,663,null,"1, 3, 4, 5, 6, 7, 8, 9, 10, 11, 12, 13, 14, 15, 16, 17"
758,1734603892352,1734603892892,540,null,"1, 3, 4, 5, 6, 7, 8, 9, 10, 11, 12, 13, 14, 15, 16, 17"
759,1734603892448,1734603893457,1009,null,"1, 3, 4, 5, 6, 7, 8, 9, 10, 11, 12, 13, 14, 15, 16, 17"
760,1734603892449,1734603893254,805,null,"1, 3, 4, 5, 6, 7, 8, 9, 10, 11, 12, 13, 14, 15, 16, 17"
761,1734603892490,1734603893569,1079,null,"1, 3, 4, 5, 6, 7, 8, 9, 10, 11, 12, 13, 14, 15, 16, 17"
762,1734603892491,1734603893568,1077,null,"1, 3, 4, 5, 6, 7, 8, 9, 10, 11, 12, 13, 14, 15, 16, 17"
763,1734603892493,1734603893219,726,null,"1, 3, 4, 5, 6, 7, 8, 9, 10, 11, 12, 13, 14, 15, 16, 17"
764,1734603892549,1734603893393,844,null,"1, 3, 4, 5, 6, 7, 8, 9, 10, 11, 12, 13, 14, 15, 16, 17"
765,1734603892550,1734603893433,883,null,"1, 3, 4, 5, 6, 7, 8, 9, 10, 11, 12, 13, 14, 15, 16, 17"
766,1734603892617,1734603893505,888,null,"1, 3, 4, 5, 6, 7, 8, 9, 10, 11, 12, 13, 14, 15, 16, 17"
767,1734603892671,1734603893656,985,null,"1, 3, 4, 5, 6, 7, 8, 9, 10, 11, 12, 13, 14, 15, 16, 17"
768,1734603892719,1734603893742,1023,null,"1, 3, 4, 5, 6, 7, 8, 9, 10, 11, 12, 13, 14, 15, 16, 17"
769,1734603892720,1734603893664,944,null,"1, 3, 4, 5, 6, 7, 8, 9, 10, 11, 12, 13, 14, 15, 16, 17"
770,1734603892785,1734603893707,922,null,"1, 3, 4, 5, 6, 7, 8, 9, 10, 11, 12, 13, 14, 15, 16, 17"
771,1734603892786,1734603893741,955,null,"1, 3, 4, 5, 6, 7, 8, 9, 10, 11, 12, 13, 14, 15, 16, 17"
772,1734603892852,1734603893916,1064,null,"1, 3, 4, 5, 6, 7, 8, 9, 10, 11, 12, 13, 14, 15, 16, 17"
773,1734603892853,1734603893923,1070,null,"1, 3, 4, 5, 6, 7, 8, 9, 10, 11, 12, 13, 14, 15, 16, 17"
774,1734603892937,1734603894071,1134,null,"1, 3, 4, 5, 6, 7, 8, 9, 10, 11, 12, 13, 14, 15, 16, 17"
775,1734603892938,1734603893760,822,null,"1, 3, 4, 5, 6, 7, 8, 9, 10, 11, 12, 13, 14, 15, 16, 17"
776,1734603892939,1734603893916,977,null,"1, 3, 4, 5, 6, 7, 8, 9, 10, 11, 12, 13, 14, 15, 16, 17"
777,1734603892987,1734603893660,673,null,"1, 3, 4, 5, 6, 7, 8, 9, 10, 11, 12, 13, 14, 15, 16, 17"
778,1734603892989,1734603894007,1018,null,"1, 3, 4, 5, 6, 7, 8, 9, 10, 11, 12, 13, 14, 15, 16, 17"
779,1734603892990,1734603894071,1081,null,"1, 3, 4, 5, 6, 7, 8, 9, 10, 11, 12, 13, 14, 15, 16, 17"
780,1734603893045,1734603893916,871,null,"1, 3, 4, 5, 6, 7, 8, 9, 10, 11, 12, 13, 14, 15, 16, 17"
781,1734603893046,1734603894071,1025,null,"1, 3, 4, 5, 6, 7, 8, 9, 10, 11, 12, 13, 14, 15, 16, 17"
782,1734603893130,1734603894147,1017,null,"1, 3, 4, 5, 6, 7, 8, 9, 10, 11, 12, 13, 14, 15, 16, 17"
783,1734603893131,1734603893916,785,null,"1, 3, 4, 5, 6, 7, 8, 9, 10, 11, 12, 13, 14, 15, 16, 17"
784,1734603893170,1734603893916,746,null,"1, 3, 4, 5, 6, 7, 8, 9, 10, 11, 12, 13, 14, 15, 16, 17"
785,1734603893171,1734603894366,1195,null,"1, 3, 4, 5, 6, 7, 8, 9, 10, 11, 12, 13, 14, 15, 16, 17"
786,1734603893173,1734603894007,834,null,"1, 3, 4, 5, 6, 7, 8, 9, 10, 11, 12, 13, 14, 15, 16, 17"
787,1734603893174,1734603894007,833,null,"1, 3, 4, 5, 6, 7, 8, 9, 10, 11, 12, 13, 14, 15, 16, 17"
788,1734603893229,1734603894176,947,null,"1, 3, 4, 5, 6, 7, 8, 9, 10, 11, 12, 13, 14, 15, 16, 17"
789,1734603893230,1734603894071,841,null,"1, 3, 4, 5, 6, 7, 8, 9, 10, 11, 12, 13, 14, 15, 16, 17"
790,1734603893245,1734603894071,826,null,"1, 3, 4, 5, 6, 7, 8, 9, 10, 11, 12, 13, 14, 15, 16, 17"
791,1734603893297,1734603894071,774,null,"1, 3, 4, 5, 6, 7, 8, 9, 10, 11, 12, 13, 14, 15, 16, 17"
792,1734603893299,1734603894443,1144,null,"1, 3, 4, 5, 6, 7, 8, 9, 10, 11, 12, 13, 14, 15, 16, 17"
793,1734603893391,1734603894281,890,null,"1, 3, 4, 5, 6, 7, 8, 9, 10, 11, 12, 13, 14, 15, 16, 17"
794,1734603893392,1734603894366,974,null,"1, 3, 4, 5, 6, 7, 8, 9, 10, 11, 12, 13, 14, 15, 16, 17"
795,1734603893393,1734603894224,831,null,"1, 3, 4, 5, 6, 7, 8, 9, 10, 11, 12, 13, 14, 15, 16, 17"
796,1734603893475,1734603894443,968,null,"1, 3, 4, 5, 6, 7, 8, 9, 10, 11, 12, 13, 14, 15, 16, 17"
797,1734603893506,1734603894640,1134,null,"1, 3, 4, 5, 6, 7, 8, 9, 10, 11, 12, 13, 14, 15, 16, 17"
798,1734603893507,1734603894570,1063,null,"1, 3, 4, 5, 6, 7, 8, 9, 10, 11, 12, 13, 14, 15, 16, 17"
799,1734603893508,1734603894640,1132,null,"1, 3, 4, 5, 6, 7, 8, 9, 10, 11, 12, 13, 14, 15, 16, 17"
800,1734603893559,1734603894443,884,null,"1, 3, 4, 5, 6, 7, 8, 9, 10, 11, 12, 13, 14, 15, 16, 17"
801,1734603893583,1734603894640,1057,null,"1, 3, 4, 5, 6, 7, 8, 9, 10, 11, 12, 13, 14, 15, 16, 17"
802,1734603893595,1734603894640,1045,null,"1, 3, 4, 5, 6, 7, 8, 9, 10, 11, 12, 13, 14, 15, 16, 17"
803,1734603893660,1734603894556,896,null,"1, 3, 4, 5, 6, 7, 8, 9, 10, 11, 12, 13, 14, 15, 16, 17"
804,1734603893665,1734603894640,975,null,"1, 3, 4, 5, 6, 7, 8, 9, 10, 11, 12, 13, 14, 15, 16, 17"
805,1734603893670,1734603895003,1333,null,"1, 3, 4, 5, 6, 7, 8, 9, 10, 11, 12, 13, 14, 15, 16, 17"
806,1734603893738,1734603894640,902,null,"1, 3, 4, 5, 6, 7, 8, 9, 10, 11, 12, 13, 14, 15, 16, 17"
807,1734603893739,1734603895005,1266,null,"1, 3, 4, 5, 6, 7, 8, 9, 10, 11, 12, 13, 14, 15, 16, 17"
808,1734603893771,1734603894645,874,null,"1, 3, 4, 5, 6, 7, 8, 9, 10, 11, 12, 13, 14, 15, 16, 17"
809,1734603893773,1734603894652,879,null,"1, 3, 4, 5, 6, 7, 8, 9, 10, 11, 12, 13, 14, 15, 16, 17"
810,1734603893818,1734603895003,1185,null,"1, 3, 4, 5, 6, 7, 8, 9, 10, 11, 12, 13, 14, 15, 16, 17"
811,1734603893819,1734603895004,1185,null,"1, 3, 4, 5, 6, 7, 8, 9, 10, 11, 12, 13, 14, 15, 16, 17"
812,1734603893820,1734603895004,1184,null,"1, 3, 4, 5, 6, 7, 8, 9, 10, 11, 12, 13, 14, 15, 16, 17"
813,1734603893903,1734603895005,1102,null,"1, 3, 4, 5, 6, 7, 8, 9, 10, 11, 12, 13, 14, 15, 16, 17"
814,1734603893910,1734603895005,1095,null,"1, 3, 4, 5, 6, 7, 8, 9, 10, 11, 12, 13, 14, 15, 16, 17"
815,1734603893915,1734603895004,1089,null,"1, 3, 4, 5, 6, 7, 8, 9, 10, 11, 12, 13, 14, 15, 16, 17"
816,1734603893979,1734603895003,1024,null,"1, 3, 4, 5, 6, 7, 8, 9, 10, 11, 12, 13, 14, 15, 16, 17"
817,1734603893988,1734603895003,1015,null,"1, 3, 4, 5, 6, 7, 8, 9, 10, 11, 12, 13, 14, 15, 16, 17"
818,1734603894037,1734603895005,968,null,"1, 3, 4, 5, 6, 7, 8, 9, 10, 11, 12, 13, 14, 15, 16, 17"
819,1734603894065,1734603895152,1087,null,"1, 3, 4, 5, 6, 7, 8, 9, 10, 11, 12, 13, 14, 15, 16, 17"
820,1734603894066,1734603895004,938,null,"1, 3, 4, 5, 6, 7, 8, 9, 10, 11, 12, 13, 14, 15, 16, 17"
821,1734603894068,1734603895006,938,null,"1, 3, 4, 5, 6, 7, 8, 9, 10, 11, 12, 13, 14, 15, 16, 17"
822,1734603894145,1734603895004,859,null,"1, 3, 4, 5, 6, 7, 8, 9, 10, 11, 12, 13, 14, 15, 16, 17"
823,1734603894146,1734603895004,858,null,"1, 3, 4, 5, 6, 7, 8, 9, 10, 11, 12, 13, 14, 15, 16, 17"
824,1734603894147,1734603895152,1005,null,"1, 3, 4, 5, 6, 7, 8, 9, 10, 11, 12, 13, 14, 15, 16, 17"
825,1734603894260,1734603895004,744,null,"1, 3, 4, 5, 6, 7, 8, 9, 10, 11, 12, 13, 14, 15, 16, 17"
826,1734603894261,1734603895008,747,null,"1, 3, 4, 5, 6, 7, 8, 9, 10, 11, 12, 13, 14, 15, 16, 17"
827,1734603894262,1734603895522,1260,null,"1, 3, 4, 5, 6, 7, 8, 9, 10, 11, 12, 13, 14, 15, 16, 17"
828,1734603894323,1734603895497,1174,null,"1, 3, 4, 5, 6, 7, 8, 9, 10, 11, 12, 13, 14, 15, 16, 17"
829,1734603894324,1734603895259,935,null,"1, 3, 4, 5, 6, 7, 8, 9, 10, 11, 12, 13, 14, 15, 16, 17"
830,1734603894325,1734603895522,1197,null,"1, 3, 4, 5, 6, 7, 8, 9, 10, 11, 12, 13, 14, 15, 16, 17"
831,1734603894326,1734603895152,826,null,"1, 3, 4, 5, 6, 7, 8, 9, 10, 11, 12, 13, 14, 15, 16, 17"
832,1734603894328,1734603895497,1169,null,"1, 3, 4, 5, 6, 7, 8, 9, 10, 11, 12, 13, 14, 15, 16, 17"
833,1734603894402,1734603895551,1149,null,"1, 3, 4, 5, 6, 7, 8, 9, 10, 11, 12, 13, 14, 15, 16, 17"
834,1734603894403,1734603895522,1119,null,"1, 3, 4, 5, 6, 7, 8, 9, 10, 11, 12, 13, 14, 15, 16, 17"
835,1734603894405,1734603895806,1401,null,"1, 3, 4, 5, 6, 7, 8, 9, 10, 11, 12, 13, 14, 15, 16, 17"
836,1734603894492,1734603895497,1005,null,"1, 3, 4, 5, 6, 7, 8, 9, 10, 11, 12, 13, 14, 15, 16, 17"
837,1734603894493,1734603895779,1286,null,"1, 3, 4, 5, 6, 7, 8, 9, 10, 11, 12, 13, 14, 15, 16, 17"
838,1734603894548,1734603895806,1258,null,"1, 3, 4, 5, 6, 7, 8, 9, 10, 11, 12, 13, 14, 15, 16, 17"
839,1734603894561,1734603895668,1107,null,"1, 3, 4, 5, 6, 7, 8, 9, 10, 11, 12, 13, 14, 15, 16, 17"
840,1734603894562,1734603895940,1378,null,"1, 3, 4, 5, 6, 7, 8, 9, 10, 11, 12, 13, 14, 15, 16, 17"
841,1734603894610,1734603895725,1115,null,"1, 3, 4, 5, 6, 7, 8, 9, 10, 11, 12, 13, 14, 15, 16, 17"
842,1734603894612,1734603895805,1193,null,"1, 3, 4, 5, 6, 7, 8, 9, 10, 11, 12, 13, 14, 15, 16, 17"
843,1734603894613,1734603895942,1329,null,"1, 3, 4, 5, 6, 7, 8, 9, 10, 11, 12, 13, 14, 15, 16, 17"
844,1734603894614,1734603895945,1331,null,"1, 3, 4, 5, 6, 7, 8, 9, 10, 11, 12, 13, 14, 15, 16, 17"
845,1734603894615,1734603895945,1330,null,"1, 3, 4, 5, 6, 7, 8, 9, 10, 11, 12, 13, 14, 15, 16, 17"
846,1734603894617,1734603895806,1189,null,"1, 3, 4, 5, 6, 7, 8, 9, 10, 11, 12, 13, 14, 15, 16, 17"
847,1734603894618,1734603895806,1188,null,"1, 3, 4, 5, 6, 7, 8, 9, 10, 11, 12, 13, 14, 15, 16, 17"
848,1734603894619,1734603895593,974,null,"1, 3, 4, 5, 6, 7, 8, 9, 10, 11, 12, 13, 14, 15, 16, 17"
849,1734603894620,1734603895805,1185,null,"1, 3, 4, 5, 6, 7, 8, 9, 10, 11, 12, 13, 14, 15, 16, 17"
850,1734603894622,1734603895594,972,null,"1, 3, 4, 5, 6, 7, 8, 9, 10, 11, 12, 13, 14, 15, 16, 17"
851,1734603894682,1734603895918,1236,null,"1, 3, 4, 5, 6, 7, 8, 9, 10, 11, 12, 13, 14, 15, 16, 17"
852,1734603894683,1734603895805,1122,null,"1, 3, 4, 5, 6, 7, 8, 9, 10, 11, 12, 13, 14, 15, 16, 17"
853,1734603894684,1734603895779,1095,null,"1, 3, 4, 5, 6, 7, 8, 9, 10, 11, 12, 13, 14, 15, 16, 17"
854,1734603894686,1734603895522,836,null,"1, 3, 4, 5, 6, 7, 8, 9, 10, 11, 12, 13, 14, 15, 16, 17"
855,1734603894780,1734603895806,1026,null,"1, 3, 4, 5, 6, 7, 8, 9, 10, 11, 12, 13, 14, 15, 16, 17"
856,1734603894781,1734603895805,1024,null,"1, 3, 4, 5, 6, 7, 8, 9, 10, 11, 12, 13, 14, 15, 16, 17"
857,1734603894867,1734603895779,912,null,"1, 3, 4, 5, 6, 7, 8, 9, 10, 11, 12, 13, 14, 15, 16, 17"
858,1734603894875,1734603895807,932,null,"1, 3, 4, 5, 6, 7, 8, 9, 10, 11, 12, 13, 14, 15, 16, 17"
859,1734603894877,1734603896681,1804,null,"1, 3, 4, 5, 6, 7, 8, 9, 10, 11, 12, 13, 14, 15, 16, 17"
860,1734603895006,1734603896510,1504,null,"1, 3, 4, 5, 6, 7, 8, 9, 10, 11, 12, 13, 14, 15, 16, 17"
861,1734603895022,1734603896469,1447,null,"1, 3, 4, 5, 6, 7, 8, 9, 10, 11, 12, 13, 14, 15, 16, 17"
862,1734603895023,1734603896736,1713,null,"1, 3, 4, 5, 6, 7, 8, 9, 10, 11, 12, 13, 14, 15, 16, 17"
863,1734603895059,1734603896371,1312,null,"1, 3, 4, 5, 6, 7, 8, 9, 10, 11, 12, 13, 14, 15, 16, 17"
864,1734603895060,1734603896551,1491,null,"1, 3, 4, 5, 6, 7, 8, 9, 10, 11, 12, 13, 14, 15, 16, 17"
865,1734603895061,1734603896244,1183,null,"1, 3, 4, 5, 6, 7, 8, 9, 10, 11, 12, 13, 14, 15, 16, 17"
866,1734603895183,1734603896236,1053,null,"1, 3, 4, 5, 6, 7, 8, 9, 10, 11, 12, 13, 14, 15, 16, 17"
867,1734603895185,1734603896486,1301,null,"1, 3, 4, 5, 6, 7, 8, 9, 10, 11, 12, 13, 14, 15, 16, 17"
868,1734603895186,1734603896577,1391,null,"1, 3, 4, 5, 6, 7, 8, 9, 10, 11, 12, 13, 14, 15, 16, 17"
869,1734603895292,1734603897024,1732,null,"1, 3, 4, 5, 6, 7, 8, 9, 10, 11, 12, 13, 14, 15, 16, 17"
870,1734603895293,1734603896677,1384,null,"1, 3, 4, 5, 6, 7, 8, 9, 10, 11, 12, 13, 14, 15, 16, 17"
871,1734603895294,1734603896371,1077,null,"1, 3, 4, 5, 6, 7, 8, 9, 10, 11, 12, 13, 14, 15, 16, 17"
872,1734603895372,1734603896371,999,null,"1, 3, 4, 5, 6, 7, 8, 9, 10, 11, 12, 13, 14, 15, 16, 17"
873,1734603895374,1734603896371,997,null,"1, 3, 4, 5, 6, 7, 8, 9, 10, 11, 12, 13, 14, 15, 16, 17"
874,1734603895375,1734603896243,868,null,"1, 3, 4, 5, 6, 7, 8, 9, 10, 11, 12, 13, 14, 15, 16, 17"
875,1734603895460,1734603896371,911,null,"1, 3, 4, 5, 6, 7, 8, 9, 10, 11, 12, 13, 14, 15, 16, 17"
876,1734603895461,1734603896575,1114,null,"1, 3, 4, 5, 6, 7, 8, 9, 10, 11, 12, 13, 14, 15, 16, 17"
877,1734603895462,1734603896398,936,null,"1, 3, 4, 5, 6, 7, 8, 9, 10, 11, 12, 13, 14, 15, 16, 17"
878,1734603895534,1734603896497,963,null,"1, 3, 4, 5, 6, 7, 8, 9, 10, 11, 12, 13, 14, 15, 16, 17"
879,1734603895535,1734603896816,1281,null,"1, 3, 4, 5, 6, 7, 8, 9, 10, 11, 12, 13, 14, 15, 16, 17"
880,1734603895602,1734603896973,1371,null,"1, 3, 4, 5, 6, 7, 8, 9, 10, 11, 12, 13, 14, 15, 16, 17"
881,1734603895603,1734603896803,1200,null,"1, 3, 4, 5, 6, 7, 8, 9, 10, 11, 12, 13, 14, 15, 16, 17"
882,1734603895605,1734603896682,1077,null,"1, 3, 4, 5, 6, 7, 8, 9, 10, 11, 12, 13, 14, 15, 16, 17"
883,1734603895690,1734603896856,1166,null,"1, 3, 4, 5, 6, 7, 8, 9, 10, 11, 12, 13, 14, 15, 16, 17"
884,1734603895691,1734603896973,1282,null,"1, 3, 4, 5, 6, 7, 8, 9, 10, 11, 12, 13, 14, 15, 16, 17"
885,1734603895692,1734603896803,1111,null,"1, 3, 4, 5, 6, 7, 8, 9, 10, 11, 12, 13, 14, 15, 16, 17"
886,1734603895694,1734603896973,1279,null,"1, 3, 4, 5, 6, 7, 8, 9, 10, 11, 12, 13, 14, 15, 16, 17"
887,1734603895831,1734603897160,1329,null,"1, 3, 4, 5, 6, 7, 8, 9, 10, 11, 12, 13, 14, 15, 16, 17"
888,1734603895833,1734603897160,1327,null,"1, 3, 4, 5, 6, 7, 8, 9, 10, 11, 12, 13, 14, 15, 16, 17"
889,1734603895946,1734603897159,1213,null,"1, 3, 4, 5, 6, 7, 8, 9, 10, 11, 12, 13, 14, 15, 16, 17"
890,1734603895947,1734603897161,1214,null,"1, 3, 4, 5, 6, 7, 8, 9, 10, 11, 12, 13, 14, 15, 16, 17"
891,1734603895948,1734603897159,1211,null,"1, 3, 4, 5, 6, 7, 8, 9, 10, 11, 12, 13, 14, 15, 16, 17"
892,1734603895950,1734603897159,1209,null,"1, 3, 4, 5, 6, 7, 8, 9, 10, 11, 12, 13, 14, 15, 16, 17"
893,1734603896038,1734603897160,1122,null,"1, 3, 4, 5, 6, 7, 8, 9, 10, 11, 12, 13, 14, 15, 16, 17"
894,1734603896043,1734603897284,1241,null,"1, 3, 4, 5, 6, 7, 8, 9, 10, 11, 12, 13, 14, 15, 16, 17"
895,1734603896096,1734603896973,877,null,"1, 3, 4, 5, 6, 7, 8, 9, 10, 11, 12, 13, 14, 15, 16, 17"
896,1734603896097,1734603897459,1362,null,"1, 3, 4, 5, 6, 7, 8, 9, 10, 11, 12, 13, 14, 15, 16, 17"
897,1734603896098,1734603897116,1018,null,"1, 3, 4, 5, 6, 7, 8, 9, 10, 11, 12, 13, 14, 15, 16, 17"
898,1734603896177,1734603897160,983,null,"1, 3, 4, 5, 6, 7, 8, 9, 10, 11, 12, 13, 14, 15, 16, 17"
899,1734603896186,1734603897159,973,null,"1, 3, 4, 5, 6, 7, 8, 9, 10, 11, 12, 13, 14, 15, 16, 17"
900,1734603896187,1734603896899,712,null,"1, 3, 4, 5, 6, 7, 8, 9, 10, 11, 12, 13, 14, 15, 16, 17"
901,1734603896188,1734603897180,992,null,"1, 3, 4, 5, 6, 7, 8, 9, 10, 11, 12, 13, 14, 15, 16, 17"
902,1734603896247,1734603897116,869,null,"1, 3, 4, 5, 6, 7, 8, 9, 10, 11, 12, 13, 14, 15, 16, 17"
903,1734603896261,1734603897535,1274,null,"1, 3, 4, 5, 6, 7, 8, 9, 10, 11, 12, 13, 14, 15, 16, 17"
904,1734603896262,1734603897160,898,null,"1, 3, 4, 5, 6, 7, 8, 9, 10, 11, 12, 13, 14, 15, 16, 17"
905,1734603896264,1734603897459,1195,null,"1, 3, 4, 5, 6, 7, 8, 9, 10, 11, 12, 13, 14, 15, 16, 17"
906,1734603896351,1734603897348,997,null,"1, 3, 4, 5, 6, 7, 8, 9, 10, 11, 12, 13, 14, 15, 16, 17"
907,1734603896352,1734603897655,1303,null,"1, 3, 4, 5, 6, 7, 8, 9, 10, 11, 12, 13, 14, 15, 16, 17"
908,1734603896367,1734603897703,1336,null,"1, 3, 4, 5, 6, 7, 8, 9, 10, 11, 12, 13, 14, 15, 16, 17"
909,1734603896420,1734603897459,1039,null,"1, 3, 4, 5, 6, 7, 8, 9, 10, 11, 12, 13, 14, 15, 16, 17"
910,1734603896421,1734603897555,1134,null,"1, 3, 4, 5, 6, 7, 8, 9, 10, 11, 12, 13, 14, 15, 16, 17"
911,1734603896422,1734603897779,1357,null,"1, 3, 4, 5, 6, 7, 8, 9, 10, 11, 12, 13, 14, 15, 16, 17"
912,1734603896489,1734603897779,1290,null,"1, 3, 4, 5, 6, 7, 8, 9, 10, 11, 12, 13, 14, 15, 16, 17"
913,1734603896490,1734603897693,1203,null,"1, 3, 4, 5, 6, 7, 8, 9, 10, 11, 12, 13, 14, 15, 16, 17"
914,1734603896499,1734603897535,1036,null,"1, 3, 4, 5, 6, 7, 8, 9, 10, 11, 12, 13, 14, 15, 16, 17"
915,1734603896501,1734603897535,1034,null,"1, 3, 4, 5, 6, 7, 8, 9, 10, 11, 12, 13, 14, 15, 16, 17"
916,1734603896590,1734603897779,1189,null,"1, 3, 4, 5, 6, 7, 8, 9, 10, 11, 12, 13, 14, 15, 16, 17"
917,1734603896591,1734603897535,944,null,"1, 3, 4, 5, 6, 7, 8, 9, 10, 11, 12, 13, 14, 15, 16, 17"
918,1734603896592,1734603897684,1092,null,"1, 3, 4, 5, 6, 7, 8, 9, 10, 11, 12, 13, 14, 15, 16, 17"
919,1734603896594,1734603897803,1209,null,"1, 3, 4, 5, 6, 7, 8, 9, 10, 11, 12, 13, 14, 15, 16, 17"
920,1734603896693,1734603897655,962,null,"1, 3, 4, 5, 6, 7, 8, 9, 10, 11, 12, 13, 14, 15, 16, 17"
921,1734603896694,1734603898051,1357,null,"1, 3, 4, 5, 6, 7, 8, 9, 10, 11, 12, 13, 14, 15, 16, 17"
922,1734603896763,1734603898162,1399,null,"1, 3, 4, 5, 6, 7, 8, 9, 10, 11, 12, 13, 14, 15, 16, 17"
923,1734603896765,1734603898002,1237,null,"1, 3, 4, 5, 6, 7, 8, 9, 10, 11, 12, 13, 14, 15, 16, 17"
924,1734603896766,1734603897693,927,null,"1, 3, 4, 5, 6, 7, 8, 9, 10, 11, 12, 13, 14, 15, 16, 17"
925,1734603896842,1734603897945,1103,null,"1, 3, 4, 5, 6, 7, 8, 9, 10, 11, 12, 13, 14, 15, 16, 17"
926,1734603896844,1734603897883,1039,null,"1, 3, 4, 5, 6, 7, 8, 9, 10, 11, 12, 13, 14, 15, 16, 17"
927,1734603896845,1734603897779,934,null,"1, 3, 4, 5, 6, 7, 8, 9, 10, 11, 12, 13, 14, 15, 16, 17"
928,1734603896925,1734603898162,1237,null,"1, 3, 4, 5, 6, 7, 8, 9, 10, 11, 12, 13, 14, 15, 16, 17"
929,1734603896926,1734603898175,1249,null,"1, 3, 4, 5, 6, 7, 8, 9, 10, 11, 12, 13, 14, 15, 16, 17"
930,1734603896928,1734603898050,1122,null,"1, 3, 4, 5, 6, 7, 8, 9, 10, 11, 12, 13, 14, 15, 16, 17"
931,1734603897001,1734603898002,1001,null,"1, 3, 4, 5, 6, 7, 8, 9, 10, 11, 12, 13, 14, 15, 16, 17"
932,1734603897011,1734603898175,1164,null,"1, 3, 4, 5, 6, 7, 8, 9, 10, 11, 12, 13, 14, 15, 16, 17"
933,1734603897094,1734603898480,1386,null,"1, 3, 4, 5, 6, 7, 8, 9, 10, 11, 12, 13, 14, 15, 16, 17"
934,1734603897120,1734603898162,1042,null,"1, 3, 4, 5, 6, 7, 8, 9, 10, 11, 12, 13, 14, 15, 16, 17"
935,1734603897121,1734603898318,1197,null,"1, 3, 4, 5, 6, 7, 8, 9, 10, 11, 12, 13, 14, 15, 16, 17"
936,1734603897133,1734603898043,910,null,"1, 3, 4, 5, 6, 7, 8, 9, 10, 11, 12, 13, 14, 15, 16, 17"
937,1734603897168,1734603898378,1210,null,"1, 3, 4, 5, 6, 7, 8, 9, 10, 11, 12, 13, 14, 15, 16, 17"
938,1734603897169,1734603898613,1444,null,"1, 3, 4, 5, 6, 7, 8, 9, 10, 11, 12, 13, 14, 15, 16, 17"
939,1734603897238,1734603898175,937,null,"1, 3, 4, 5, 6, 7, 8, 9, 10, 11, 12, 13, 14, 15, 16, 17"
940,1734603897239,1734603898448,1209,null,"1, 3, 4, 5, 6, 7, 8, 9, 10, 11, 12, 13, 14, 15, 16, 17"
941,1734603897241,1734603898330,1089,null,"1, 3, 4, 5, 6, 7, 8, 9, 10, 11, 12, 13, 14, 15, 16, 17"
942,1734603897242,1734603898373,1131,null,"1, 3, 4, 5, 6, 7, 8, 9, 10, 11, 12, 13, 14, 15, 16, 17"
943,1734603897350,1734603898163,813,null,"1, 3, 4, 5, 6, 7, 8, 9, 10, 11, 12, 13, 14, 15, 16, 17"
944,1734603897422,1734603898294,872,null,"1, 3, 4, 5, 6, 7, 8, 9, 10, 11, 12, 13, 14, 15, 16, 17"
945,1734603897427,1734603898444,1017,null,"1, 3, 4, 5, 6, 7, 8, 9, 10, 11, 12, 13, 14, 15, 16, 17"
946,1734603897428,1734603898373,945,null,"1, 3, 4, 5, 6, 7, 8, 9, 10, 11, 12, 13, 14, 15, 16, 17"
947,1734603897481,1734603898162,681,null,"1, 3, 4, 5, 6, 7, 8, 9, 10, 11, 12, 13, 14, 15, 16, 17"
948,1734603897487,1734603898291,804,null,"1, 3, 4, 5, 6, 7, 8, 9, 10, 11, 12, 13, 14, 15, 16, 17"
949,1734603897488,1734603898912,1424,null,"1, 3, 4, 5, 6, 7, 8, 9, 10, 11, 12, 13, 14, 15, 16, 17"
950,1734603897533,1734603898383,850,null,"1, 3, 4, 5, 6, 7, 8, 9, 10, 11, 12, 13, 14, 15, 16, 17"
951,1734603897534,1734603898378,844,null,"1, 3, 4, 5, 6, 7, 8, 9, 10, 11, 12, 13, 14, 15, 16, 17"
952,1734603897632,1734603898549,917,null,"1, 3, 4, 5, 6, 7, 8, 9, 10, 11, 12, 13, 14, 15, 16, 17"
953,1734603897686,1734603898783,1097,null,"1, 3, 4, 5, 6, 7, 8, 9, 10, 11, 12, 13, 14, 15, 16, 17"
954,1734603897726,1734603898547,821,null,"1, 3, 4, 5, 6, 7, 8, 9, 10, 11, 12, 13, 14, 15, 16, 17"
955,1734603897727,1734603898745,1018,null,"1, 3, 4, 5, 6, 7, 8, 9, 10, 11, 12, 13, 14, 15, 16, 17"
956,1734603897729,1734603898722,993,null,"1, 3, 4, 5, 6, 7, 8, 9, 10, 11, 12, 13, 14, 15, 16, 17"
957,1734603897788,1734603898373,585,null,"1, 3, 4, 5, 6, 7, 8, 9, 10, 11, 12, 13, 14, 15, 16, 17"
958,1734603897789,1734603898802,1013,null,"1, 3, 4, 5, 6, 7, 8, 9, 10, 11, 12, 13, 14, 15, 16, 17"
959,1734603897880,1734603898673,793,null,"1, 3, 4, 5, 6, 7, 8, 9, 10, 11, 12, 13, 14, 15, 16, 17"
960,1734603897881,1734603898820,939,null,"1, 3, 4, 5, 6, 7, 8, 9, 10, 11, 12, 13, 14, 15, 16, 17"
961,1734603897883,1734603898712,829,null,"1, 3, 4, 5, 6, 7, 8, 9, 10, 11, 12, 13, 14, 15, 16, 17"
962,1734603897980,1734603898995,1015,null,"1, 3, 4, 5, 6, 7, 8, 9, 10, 11, 12, 13, 14, 15, 16, 17"
963,1734603897982,1734603899437,1455,null,"1, 3, 4, 5, 6, 7, 8, 9, 10, 11, 12, 13, 14, 15, 16, 17"
964,1734603898050,1734603898708,658,null,"1, 3, 4, 5, 6, 7, 8, 9, 10, 11, 12, 13, 14, 15, 16, 17"
965,1734603898059,1734603899012,953,null,"1, 3, 4, 5, 6, 7, 8, 9, 10, 11, 12, 13, 14, 15, 16, 17"
966,1734603898113,1734603899265,1152,null,"1, 3, 4, 5, 6, 7, 8, 9, 10, 11, 12, 13, 14, 15, 16, 17"
967,1734603898149,1734603899671,1522,null,"1, 3, 4, 5, 6, 7, 8, 9, 10, 11, 12, 13, 14, 15, 16, 17"
968,1734603898173,1734603899852,1679,null,"1, 3, 4, 5, 6, 7, 8, 9, 10, 11, 12, 13, 14, 15, 16, 17"
969,1734603898221,1734603899851,1630,null,"1, 3, 4, 5, 6, 7, 8, 9, 10, 11, 12, 13, 14, 15, 16, 17"
970,1734603898283,1734603899531,1248,null,"1, 3, 4, 5, 6, 7, 8, 9, 10, 11, 12, 13, 14, 15, 16, 17"
971,1734603898285,1734603899023,738,null,"1, 3, 4, 5, 6, 7, 8, 9, 10, 11, 12, 13, 14, 15, 16, 17"
972,1734603898355,1734603899851,1496,null,"1, 3, 4, 5, 6, 7, 8, 9, 10, 11, 12, 13, 14, 15, 16, 17"
973,1734603898356,1734603899852,1496,null,"1, 3, 4, 5, 6, 7, 8, 9, 10, 11, 12, 13, 14, 15, 16, 17"
974,1734603898358,1734603899437,1079,null,"1, 3, 4, 5, 6, 7, 8, 9, 10, 11, 12, 13, 14, 15, 16, 17"
975,1734603898359,1734603900200,1841,null,"1, 3, 4, 5, 6, 7, 8, 9, 10, 11, 12, 13, 14, 15, 16, 17"
976,1734603898425,1734603899851,1426,null,"1, 3, 4, 5, 6, 7, 8, 9, 10, 11, 12, 13, 14, 15, 16, 17"
977,1734603898426,1734603899437,1011,null,"1, 3, 4, 5, 6, 7, 8, 9, 10, 11, 12, 13, 14, 15, 16, 17"
978,1734603898428,1734603899531,1103,null,"1, 3, 4, 5, 6, 7, 8, 9, 10, 11, 12, 13, 14, 15, 16, 17"
979,1734603898502,1734603899675,1173,null,"1, 3, 4, 5, 6, 7, 8, 9, 10, 11, 12, 13, 14, 15, 16, 17"
980,1734603898503,1734603899671,1168,null,"1, 3, 4, 5, 6, 7, 8, 9, 10, 11, 12, 13, 14, 15, 16, 17"
981,1734603898532,1734603899675,1143,null,"1, 3, 4, 5, 6, 7, 8, 9, 10, 11, 12, 13, 14, 15, 16, 17"
982,1734603898534,1734603899676,1142,null,"1, 3, 4, 5, 6, 7, 8, 9, 10, 11, 12, 13, 14, 15, 16, 17"
983,1734603898535,1734603899506,971,null,"1, 3, 4, 5, 6, 7, 8, 9, 10, 11, 12, 13, 14, 15, 16, 17"
984,1734603898603,1734603900005,1402,null,"1, 3, 4, 5, 6, 7, 8, 9, 10, 11, 12, 13, 14, 15, 16, 17"
985,1734603898604,1734603899531,927,null,"1, 3, 4, 5, 6, 7, 8, 9, 10, 11, 12, 13, 14, 15, 16, 17"
986,1734603898606,1734603900005,1399,null,"1, 3, 4, 5, 6, 7, 8, 9, 10, 11, 12, 13, 14, 15, 16, 17"
987,1734603898698,1734603900005,1307,null,"1, 3, 4, 5, 6, 7, 8, 9, 10, 11, 12, 13, 14, 15, 16, 17"
988,1734603898700,1734603900200,1500,null,"1, 3, 4, 5, 6, 7, 8, 9, 10, 11, 12, 13, 14, 15, 16, 17"
989,1734603898738,1734603900005,1267,null,"1, 3, 4, 5, 6, 7, 8, 9, 10, 11, 12, 13, 14, 15, 16, 17"
990,1734603898751,1734603900005,1254,null,"1, 3, 4, 5, 6, 7, 8, 9, 10, 11, 12, 13, 14, 15, 16, 17"
991,1734603898752,1734603900005,1253,null,"1, 3, 4, 5, 6, 7, 8, 9, 10, 11, 12, 13, 14, 15, 16, 17"
992,1734603898816,1734603899852,1036,null,"1, 3, 4, 5, 6, 7, 8, 9, 10, 11, 12, 13, 14, 15, 16, 17"
993,1734603898818,1734603899851,1033,null,"1, 3, 4, 5, 6, 7, 8, 9, 10, 11, 12, 13, 14, 15, 16, 17"
994,1734603898876,1734603899558,682,null,"1, 3, 4, 5, 6, 7, 8, 9, 10, 11, 12, 13, 14, 15, 16, 17"
995,1734603898884,1734603900424,1540,null,"1, 3, 4, 5, 6, 7, 8, 9, 10, 11, 12, 13, 14, 15, 16, 17"
996,1734603898944,1734603900424,1480,null,"1, 3, 4, 5, 6, 7, 8, 9, 10, 11, 12, 13, 14, 15, 16, 17"
997,1734603898956,1734603900200,1244,null,"1, 3, 4, 5, 6, 7, 8, 9, 10, 11, 12, 13, 14, 15, 16, 17"
998,1734603898974,1734603900006,1032,null,"1, 3, 4, 5, 6, 7, 8, 9, 10, 11, 12, 13, 14, 15, 16, 17"
999,1734603898975,1734603900006,1031,null,"1, 3, 4, 5, 6, 7, 8, 9, 10, 11, 12, 13, 14, 15, 16, 17"
1000,1734603898989,1734603901026,2037,null,"1, 3, 4, 5, 6, 7, 8, 9, 10, 11, 12, 13, 14, 15, 16, 17"
1001,1734603899046,1734603900276,1230,null,"1, 3, 4, 5, 6, 7, 8, 9, 10, 11, 12, 13, 14, 15, 16, 17"
1002,1734603899047,1734603900742,1695,null,"1, 3, 4, 5, 6, 7, 8, 9, 10, 11, 12, 13, 14, 15, 16, 17"
1003,1734603899049,1734603900425,1376,null,"1, 3, 4, 5, 6, 7, 8, 9, 10, 11, 12, 13, 14, 15, 16, 17"
1004,1734603899050,1734603900424,1374,null,"1, 3, 4, 5, 6, 7, 8, 9, 10, 11, 12, 13, 14, 15, 16, 17"
1005,1734603899051,1734603900200,1149,null,"1, 3, 4, 5, 6, 7, 8, 9, 10, 11, 12, 13, 14, 15, 16, 17"
1006,1734603899052,1734603900620,1568,null,"1, 3, 4, 5, 6, 7, 8, 9, 10, 11, 12, 13, 14, 15, 16, 17"
1007,1734603899054,1734603900910,1856,null,"1, 3, 4, 5, 6, 7, 8, 9, 10, 11, 12, 13, 14, 15, 16, 17"
1008,1734603899055,1734603900276,1221,null,"1, 3, 4, 5, 6, 7, 8, 9, 10, 11, 12, 13, 14, 15, 16, 17"
1009,1734603899056,1734603900200,1144,null,"1, 3, 4, 5, 6, 7, 8, 9, 10, 11, 12, 13, 14, 15, 16, 17"
1010,1734603899057,1734603900425,1368,null,"1, 3, 4, 5, 6, 7, 8, 9, 10, 11, 12, 13, 14, 15, 16, 17"
1011,1734603899059,1734603900424,1365,null,"1, 3, 4, 5, 6, 7, 8, 9, 10, 11, 12, 13, 14, 15, 16, 17"
1012,1734603899060,1734603900005,945,null,"1, 3, 4, 5, 6, 7, 8, 9, 10, 11, 12, 13, 14, 15, 16, 17"
1013,1734603899095,1734603900451,1356,null,"1, 3, 4, 5, 6, 7, 8, 9, 10, 11, 12, 13, 14, 15, 16, 17"
1014,1734603899096,1734603900498,1402,null,"1, 3, 4, 5, 6, 7, 8, 9, 10, 11, 12, 13, 14, 15, 16, 17"
1015,1734603899098,1734603900276,1178,null,"1, 3, 4, 5, 6, 7, 8, 9, 10, 11, 12, 13, 14, 15, 16, 17"
1016,1734603899172,1734603900276,1104,null,"1, 3, 4, 5, 6, 7, 8, 9, 10, 11, 12, 13, 14, 15, 16, 17"
1017,1734603899180,1734603900742,1562,null,"1, 3, 4, 5, 6, 7, 8, 9, 10, 11, 12, 13, 14, 15, 16, 17"
1018,1734603899182,1734603900200,1018,null,"1, 3, 4, 5, 6, 7, 8, 9, 10, 11, 12, 13, 14, 15, 16, 17"
1019,1734603899193,1734603900534,1341,null,"1, 3, 4, 5, 6, 7, 8, 9, 10, 11, 12, 13, 14, 15, 16, 17"
1020,1734603899194,1734603900402,1208,null,"1, 3, 4, 5, 6, 7, 8, 9, 10, 11, 12, 13, 14, 15, 16, 17"
1021,1734603899195,1734603900627,1432,null,"1, 3, 4, 5, 6, 7, 8, 9, 10, 11, 12, 13, 14, 15, 16, 17"
1022,1734603899197,1734603900276,1079,null,"1, 3, 4, 5, 6, 7, 8, 9, 10, 11, 12, 13, 14, 15, 16, 17"
1023,1734603899277,1734603900425,1148,null,"1, 3, 4, 5, 6, 7, 8, 9, 10, 11, 12, 13, 14, 15, 16, 17"
1024,1734603899278,1734603900973,1695,null,"1, 3, 4, 5, 6, 7, 8, 9, 10, 11, 12, 13, 14, 15, 16, 17"
1025,1734603899328,1734603900742,1414,null,"1, 3, 4, 5, 6, 7, 8, 9, 10, 11, 12, 13, 14, 15, 16, 17"
1026,1734603899329,1734603901114,1785,null,"1, 3, 4, 5, 6, 7, 8, 9, 10, 11, 12, 13, 14, 15, 16, 17"
1027,1734603899330,1734603900910,1580,null,"1, 3, 4, 5, 6, 7, 8, 9, 10, 11, 12, 13, 14, 15, 16, 17"
1028,1734603899332,1734603900827,1495,null,"1, 3, 4, 5, 6, 7, 8, 9, 10, 11, 12, 13, 14, 15, 16, 17"
1029,1734603899333,1734603900827,1494,null,"1, 3, 4, 5, 6, 7, 8, 9, 10, 11, 12, 13, 14, 15, 16, 17"
1030,1734603899334,1734603900601,1267,null,"1, 3, 4, 5, 6, 7, 8, 9, 10, 11, 12, 13, 14, 15, 16, 17"
1031,1734603899335,1734603900742,1407,null,"1, 3, 4, 5, 6, 7, 8, 9, 10, 11, 12, 13, 14, 15, 16, 17"
1032,1734603899337,1734603900425,1088,null,"1, 3, 4, 5, 6, 7, 8, 9, 10, 11, 12, 13, 14, 15, 16, 17"
1033,1734603899390,1734603901114,1724,null,"1, 3, 4, 5, 6, 7, 8, 9, 10, 11, 12, 13, 14, 15, 16, 17"
1034,1734603899392,1734603900612,1220,null,"1, 3, 4, 5, 6, 7, 8, 9, 10, 11, 12, 13, 14, 15, 16, 17"
1035,1734603899393,1734603900742,1349,null,"1, 3, 4, 5, 6, 7, 8, 9, 10, 11, 12, 13, 14, 15, 16, 17"
1036,1734603899516,1734603901133,1617,null,"1, 3, 4, 5, 6, 7, 8, 9, 10, 11, 12, 13, 14, 15, 16, 17"
1037,1734603899609,1734603900973,1364,null,"1, 3, 4, 5, 6, 7, 8, 9, 10, 11, 12, 13, 14, 15, 16, 17"
1038,1734603899611,1734603900973,1362,null,"1, 3, 4, 5, 6, 7, 8, 9, 10, 11, 12, 13, 14, 15, 16, 17"
1039,1734603899612,1734603900742,1130,null,"1, 3, 4, 5, 6, 7, 8, 9, 10, 11, 12, 13, 14, 15, 16, 17"
1040,1734603899623,1734603900742,1119,null,"1, 3, 4, 5, 6, 7, 8, 9, 10, 11, 12, 13, 14, 15, 16, 17"
1041,1734603899668,1734603900973,1305,null,"1, 3, 4, 5, 6, 7, 8, 9, 10, 11, 12, 13, 14, 15, 16, 17"
1042,1734603899669,1734603900973,1304,null,"1, 3, 4, 5, 6, 7, 8, 9, 10, 11, 12, 13, 14, 15, 16, 17"
1043,1734603899670,1734603901273,1603,null,"1, 3, 4, 5, 6, 7, 8, 9, 10, 11, 12, 13, 14, 15, 16, 17"
1044,1734603899748,1734603900827,1079,null,"1, 3, 4, 5, 6, 7, 8, 9, 10, 11, 12, 13, 14, 15, 16, 17"
1045,1734603899750,1734603901249,1499,null,"1, 3, 4, 5, 6, 7, 8, 9, 10, 11, 12, 13, 14, 15, 16, 17"
1046,1734603899751,1734603901114,1363,null,"1, 3, 4, 5, 6, 7, 8, 9, 10, 11, 12, 13, 14, 15, 16, 17"
1047,1734603899842,1734603901114,1272,null,"1, 3, 4, 5, 6, 7, 8, 9, 10, 11, 12, 13, 14, 15, 16, 17"
1048,1734603899847,1734603901257,1410,null,"1, 3, 4, 5, 6, 7, 8, 9, 10, 11, 12, 13, 14, 15, 16, 17"
1049,1734603899849,1734603900935,1086,null,"1, 3, 4, 5, 6, 7, 8, 9, 10, 11, 12, 13, 14, 15, 16, 17"
1050,1734603900018,1734603900973,955,null,"1, 3, 4, 5, 6, 7, 8, 9, 10, 11, 12, 13, 14, 15, 16, 17"
1051,1734603900020,1734603901238,1218,null,"1, 3, 4, 5, 6, 7, 8, 9, 10, 11, 12, 13, 14, 15, 16, 17"
1052,1734603900147,1734603901409,1262,null,"1, 3, 4, 5, 6, 7, 8, 9, 10, 11, 12, 13, 14, 15, 16, 17"
1053,1734603900149,1734603901526,1377,null,"1, 3, 4, 5, 6, 7, 8, 9, 10, 11, 12, 13, 14, 15, 16, 17"
1054,1734603900201,1734603901398,1197,null,"1, 3, 4, 5, 6, 7, 8, 9, 10, 11, 12, 13, 14, 15, 16, 17"
1055,1734603900202,1734603901283,1081,null,"1, 3, 4, 5, 6, 7, 8, 9, 10, 11, 12, 13, 14, 15, 16, 17"
1056,1734603900276,1734603901915,1639,null,"1, 3, 4, 5, 6, 7, 8, 9, 10, 11, 12, 13, 14, 15, 16, 17"
1057,1734603900401,1734603901570,1169,null,"1, 3, 4, 5, 6, 7, 8, 9, 10, 11, 12, 13, 14, 15, 16, 17"
1058,1734603900402,1734603901765,1363,null,"1, 3, 4, 5, 6, 7, 8, 9, 10, 11, 12, 13, 14, 15, 16, 17"
1059,1734603900403,1734603901570,1167,null,"1, 3, 4, 5, 6, 7, 8, 9, 10, 11, 12, 13, 14, 15, 16, 17"
1060,1734603900504,1734603901502,998,null,"1, 3, 4, 5, 6, 7, 8, 9, 10, 11, 12, 13, 14, 15, 16, 17"
1061,1734603900506,1734603901670,1164,null,"1, 3, 4, 5, 6, 7, 8, 9, 10, 11, 12, 13, 14, 15, 16, 17"
1062,1734603900598,1734603901915,1317,null,"1, 3, 4, 5, 6, 7, 8, 9, 10, 11, 12, 13, 14, 15, 16, 17"
1063,1734603900599,1734603901754,1155,null,"1, 3, 4, 5, 6, 7, 8, 9, 10, 11, 12, 13, 14, 15, 16, 17"
1064,1734603900601,1734603901539,938,null,"1, 3, 4, 5, 6, 7, 8, 9, 10, 11, 12, 13, 14, 15, 16, 17"
1065,1734603900718,1734603901623,905,null,"1, 3, 4, 5, 6, 7, 8, 9, 10, 11, 12, 13, 14, 15, 16, 17"
1066,1734603900775,1734603901848,1073,null,"1, 3, 4, 5, 6, 7, 8, 9, 10, 11, 12, 13, 14, 15, 16, 17"
1067,1734603900776,1734603902075,1299,null,"1, 3, 4, 5, 6, 7, 8, 9, 10, 11, 12, 13, 14, 15, 16, 17"
1068,1734603900777,1734603901972,1195,null,"1, 3, 4, 5, 6, 7, 8, 9, 10, 11, 12, 13, 14, 15, 16, 17"
1069,1734603900901,1734603901848,947,null,"1, 3, 4, 5, 6, 7, 8, 9, 10, 11, 12, 13, 14, 15, 16, 17"
1070,1734603900903,1734603901766,863,null,"1, 3, 4, 5, 6, 7, 8, 9, 10, 11, 12, 13, 14, 15, 16, 17"
1071,1734603900904,1734603901848,944,null,"1, 3, 4, 5, 6, 7, 8, 9, 10, 11, 12, 13, 14, 15, 16, 17"
1072,1734603900964,1734603902064,1100,null,"1, 3, 4, 5, 6, 7, 8, 9, 10, 11, 12, 13, 14, 15, 16, 17"
1073,1734603900991,1734603902075,1084,null,"1, 3, 4, 5, 6, 7, 8, 9, 10, 11, 12, 13, 14, 15, 16, 17"
1074,1734603900992,1734603901972,980,null,"1, 3, 4, 5, 6, 7, 8, 9, 10, 11, 12, 13, 14, 15, 16, 17"
1075,1734603901139,1734603902075,936,null,"1, 3, 4, 5, 6, 7, 8, 9, 10, 11, 12, 13, 14, 15, 16, 17"
1076,1734603901140,1734603902429,1289,null,"1, 3, 4, 5, 6, 7, 8, 9, 10, 11, 12, 13, 14, 15, 16, 17"
1077,1734603901142,1734603902203,1061,null,"1, 3, 4, 5, 6, 7, 8, 9, 10, 11, 12, 13, 14, 15, 16, 17"
1078,1734603901209,1734603902264,1055,null,"1, 3, 4, 5, 6, 7, 8, 9, 10, 11, 12, 13, 14, 15, 16, 17"
1079,1734603901210,1734603902064,854,null,"1, 3, 4, 5, 6, 7, 8, 9, 10, 11, 12, 13, 14, 15, 16, 17"
1080,1734603901212,1734603902202,990,null,"1, 3, 4, 5, 6, 7, 8, 9, 10, 11, 12, 13, 14, 15, 16, 17"
1081,1734603901213,1734603902303,1090,null,"1, 3, 4, 5, 6, 7, 8, 9, 10, 11, 12, 13, 14, 15, 16, 17"
1082,1734603901275,1734603902316,1041,null,"1, 3, 4, 5, 6, 7, 8, 9, 10, 11, 12, 13, 14, 15, 16, 17"
1083,1734603901277,1734603902203,926,null,"1, 3, 4, 5, 6, 7, 8, 9, 10, 11, 12, 13, 14, 15, 16, 17"
1084,1734603901278,1734603902443,1165,null,"1, 3, 4, 5, 6, 7, 8, 9, 10, 11, 12, 13, 14, 15, 16, 17"
1085,1734603901392,1734603902128,736,null,"1, 3, 4, 5, 6, 7, 8, 9, 10, 11, 12, 13, 14, 15, 16, 17"
1086,1734603901393,1734603902443,1050,null,"1, 3, 4, 5, 6, 7, 8, 9, 10, 11, 12, 13, 14, 15, 16, 17"
1087,1734603901429,1734603902276,847,null,"1, 3, 4, 5, 6, 7, 8, 9, 10, 11, 12, 13, 14, 15, 16, 17"
1088,1734603901442,1734603902429,987,null,"1, 3, 4, 5, 6, 7, 8, 9, 10, 11, 12, 13, 14, 15, 16, 17"
1089,1734603901443,1734603902443,1000,null,"1, 3, 4, 5, 6, 7, 8, 9, 10, 11, 12, 13, 14, 15, 16, 17"
1090,1734603901491,1734603902603,1112,null,"1, 3, 4, 5, 6, 7, 8, 9, 10, 11, 12, 13, 14, 15, 16, 17"
1091,1734603901492,1734603902437,945,null,"1, 3, 4, 5, 6, 7, 8, 9, 10, 11, 12, 13, 14, 15, 16, 17"
1092,1734603901564,1734603902443,879,null,"1, 3, 4, 5, 6, 7, 8, 9, 10, 11, 12, 13, 14, 15, 16, 17"
1093,1734603901565,1734603902602,1037,null,"1, 3, 4, 5, 6, 7, 8, 9, 10, 11, 12, 13, 14, 15, 16, 17"
1094,1734603901567,1734603902602,1035,null,"1, 3, 4, 5, 6, 7, 8, 9, 10, 11, 12, 13, 14, 15, 16, 17"
1095,1734603901609,1734603902602,993,null,"1, 3, 4, 5, 6, 7, 8, 9, 10, 11, 12, 13, 14, 15, 16, 17"
1096,1734603901621,1734603902603,982,null,"1, 3, 4, 5, 6, 7, 8, 9, 10, 11, 12, 13, 14, 15, 16, 17"
1097,1734603901657,1734603902871,1214,null,"1, 3, 4, 5, 6, 7, 8, 9, 10, 11, 12, 13, 14, 15, 16, 17"
1098,1734603901658,1734603902603,945,null,"1, 3, 4, 5, 6, 7, 8, 9, 10, 11, 12, 13, 14, 15, 16, 17"
1099,1734603901708,1734603902602,894,null,"1, 3, 4, 5, 6, 7, 8, 9, 10, 11, 12, 13, 14, 15, 16, 17"
1100,1734603901710,1734603902603,893,null,"1, 3, 4, 5, 6, 7, 8, 9, 10, 11, 12, 13, 14, 15, 16, 17"
1101,1734603901711,1734603902623,912,null,"1, 3, 4, 5, 6, 7, 8, 9, 10, 11, 12, 13, 14, 15, 16, 17"
1102,1734603901778,1734603902602,824,null,"1, 3, 4, 5, 6, 7, 8, 9, 10, 11, 12, 13, 14, 15, 16, 17"
1103,1734603901808,1734603902817,1009,null,"1, 3, 4, 5, 6, 7, 8, 9, 10, 11, 12, 13, 14, 15, 16, 17"
1104,1734603901809,1734603902817,1008,null,"1, 3, 4, 5, 6, 7, 8, 9, 10, 11, 12, 13, 14, 15, 16, 17"
1105,1734603901876,1734603902871,995,null,"1, 3, 4, 5, 6, 7, 8, 9, 10, 11, 12, 13, 14, 15, 16, 17"
1106,1734603901885,1734603902623,738,null,"1, 3, 4, 5, 6, 7, 8, 9, 10, 11, 12, 13, 14, 15, 16, 17"
1107,1734603901930,1734603902940,1010,null,"1, 3, 4, 5, 6, 7, 8, 9, 10, 11, 12, 13, 14, 15, 16, 17"
1108,1734603901934,1734603902603,669,null,"1, 3, 4, 5, 6, 7, 8, 9, 10, 11, 12, 13, 14, 15, 16, 17"
1109,1734603901936,1734603902817,881,null,"1, 3, 4, 5, 6, 7, 8, 9, 10, 11, 12, 13, 14, 15, 16, 17"
1110,1734603901985,1734603903211,1226,null,"1, 3, 4, 5, 6, 7, 8, 9, 10, 11, 12, 13, 14, 15, 16, 17"
1111,1734603901986,1734603903039,1053,null,"1, 3, 4, 5, 6, 7, 8, 9, 10, 11, 12, 13, 14, 15, 16, 17"
1112,1734603901987,1734603903211,1224,null,"1, 3, 4, 5, 6, 7, 8, 9, 10, 11, 12, 13, 14, 15, 16, 17"
1113,1734603902050,1734603903145,1095,null,"1, 3, 4, 5, 6, 7, 8, 9, 10, 11, 12, 13, 14, 15, 16, 17"
1114,1734603902103,1734603903060,957,null,"1, 3, 4, 5, 6, 7, 8, 9, 10, 11, 12, 13, 14, 15, 16, 17"
1115,1734603902104,1734603902817,713,null,"1, 3, 4, 5, 6, 7, 8, 9, 10, 11, 12, 13, 14, 15, 16, 17"
1116,1734603902156,1734603903060,904,null,"1, 3, 4, 5, 6, 7, 8, 9, 10, 11, 12, 13, 14, 15, 16, 17"
1117,1734603902162,1734603903254,1092,null,"1, 3, 4, 5, 6, 7, 8, 9, 10, 11, 12, 13, 14, 15, 16, 17"
1118,1734603902193,1734603903211,1018,null,"1, 3, 4, 5, 6, 7, 8, 9, 10, 11, 12, 13, 14, 15, 16, 17"
1119,1734603902195,1734603903100,905,null,"1, 3, 4, 5, 6, 7, 8, 9, 10, 11, 12, 13, 14, 15, 16, 17"
1120,1734603902286,1734603903247,961,null,"1, 3, 4, 5, 6, 7, 8, 9, 10, 11, 12, 13, 14, 15, 16, 17"
1121,1734603902323,1734603903316,993,null,"1, 3, 4, 5, 6, 7, 8, 9, 10, 11, 12, 13, 14, 15, 16, 17"
1122,1734603902324,1734603903119,795,null,"1, 3, 4, 5, 6, 7, 8, 9, 10, 11, 12, 13, 14, 15, 16, 17"
1123,1734603902325,1734603903039,714,null,"1, 3, 4, 5, 6, 7, 8, 9, 10, 11, 12, 13, 14, 15, 16, 17"
1124,1734603902414,1734603903538,1124,null,"1, 3, 4, 5, 6, 7, 8, 9, 10, 11, 12, 13, 14, 15, 16, 17"
1125,1734603902422,1734603903831,1409,null,"1, 3, 4, 5, 6, 7, 8, 9, 10, 11, 12, 13, 14, 15, 16, 17"
1126,1734603902456,1734603903538,1082,null,"1, 3, 4, 5, 6, 7, 8, 9, 10, 11, 12, 13, 14, 15, 16, 17"
1127,1734603902465,1734603903538,1073,null,"1, 3, 4, 5, 6, 7, 8, 9, 10, 11, 12, 13, 14, 15, 16, 17"
1128,1734603902549,1734603903538,989,null,"1, 3, 4, 5, 6, 7, 8, 9, 10, 11, 12, 13, 14, 15, 16, 17"
1129,1734603902589,1734603903891,1302,null,"1, 3, 4, 5, 6, 7, 8, 9, 10, 11, 12, 13, 14, 15, 16, 17"
1130,1734603902591,1734603903712,1121,null,"1, 3, 4, 5, 6, 7, 8, 9, 10, 11, 12, 13, 14, 15, 16, 17"
1131,1734603902592,1734603903767,1175,null,"1, 3, 4, 5, 6, 7, 8, 9, 10, 11, 12, 13, 14, 15, 16, 17"
1132,1734603902621,1734603903712,1091,null,"1, 3, 4, 5, 6, 7, 8, 9, 10, 11, 12, 13, 14, 15, 16, 17"
1133,1734603902622,1734603903631,1009,null,"1, 3, 4, 5, 6, 7, 8, 9, 10, 11, 12, 13, 14, 15, 16, 17"
1134,1734603902624,1734603903631,1007,null,"1, 3, 4, 5, 6, 7, 8, 9, 10, 11, 12, 13, 14, 15, 16, 17"
1135,1734603902666,1734603903745,1079,null,"1, 3, 4, 5, 6, 7, 8, 9, 10, 11, 12, 13, 14, 15, 16, 17"
1136,1734603902667,1734603903631,964,null,"1, 3, 4, 5, 6, 7, 8, 9, 10, 11, 12, 13, 14, 15, 16, 17"
1137,1734603902754,1734603903965,1211,null,"1, 3, 4, 5, 6, 7, 8, 9, 10, 11, 12, 13, 14, 15, 16, 17"
1138,1734603902756,1734603903538,782,null,"1, 3, 4, 5, 6, 7, 8, 9, 10, 11, 12, 13, 14, 15, 16, 17"
1139,1734603902757,1734603903712,955,null,"1, 3, 4, 5, 6, 7, 8, 9, 10, 11, 12, 13, 14, 15, 16, 17"
1140,1734603902832,1734603903831,999,null,"1, 3, 4, 5, 6, 7, 8, 9, 10, 11, 12, 13, 14, 15, 16, 17"
1141,1734603902833,1734603903965,1132,null,"1, 3, 4, 5, 6, 7, 8, 9, 10, 11, 12, 13, 14, 15, 16, 17"
1142,1734603902897,1734603904068,1171,null,"1, 3, 4, 5, 6, 7, 8, 9, 10, 11, 12, 13, 14, 15, 16, 17"
1143,1734603902898,1734603904068,1170,null,"1, 3, 4, 5, 6, 7, 8, 9, 10, 11, 12, 13, 14, 15, 16, 17"
1144,1734603902899,1734603903991,1092,null,"1, 3, 4, 5, 6, 7, 8, 9, 10, 11, 12, 13, 14, 15, 16, 17"
1145,1734603902963,1734603904114,1151,null,"1, 3, 4, 5, 6, 7, 8, 9, 10, 11, 12, 13, 14, 15, 16, 17"
1146,1734603902964,1734603904068,1104,null,"1, 3, 4, 5, 6, 7, 8, 9, 10, 11, 12, 13, 14, 15, 16, 17"
1147,1734603902965,1734603904008,1043,null,"1, 3, 4, 5, 6, 7, 8, 9, 10, 11, 12, 13, 14, 15, 16, 17"
1148,1734603903027,1734603903868,841,null,"1, 3, 4, 5, 6, 7, 8, 9, 10, 11, 12, 13, 14, 15, 16, 17"
1149,1734603903036,1734603904114,1078,null,"1, 3, 4, 5, 6, 7, 8, 9, 10, 11, 12, 13, 14, 15, 16, 17"
1150,1734603903123,1734603904234,1111,null,"1, 3, 4, 5, 6, 7, 8, 9, 10, 11, 12, 13, 14, 15, 16, 17"
1151,1734603903124,1734603904171,1047,null,"1, 3, 4, 5, 6, 7, 8, 9, 10, 11, 12, 13, 14, 15, 16, 17"
1152,1734603903174,1734603904335,1161,null,"1, 3, 4, 5, 6, 7, 8, 9, 10, 11, 12, 13, 14, 15, 16, 17"
1153,1734603903176,1734603904068,892,null,"1, 3, 4, 5, 6, 7, 8, 9, 10, 11, 12, 13, 14, 15, 16, 17"
1154,1734603903177,1734603904248,1071,null,"1, 3, 4, 5, 6, 7, 8, 9, 10, 11, 12, 13, 14, 15, 16, 17"
1155,1734603903241,1734603904114,873,null,"1, 3, 4, 5, 6, 7, 8, 9, 10, 11, 12, 13, 14, 15, 16, 17"
1156,1734603903243,1734603904125,882,null,"1, 3, 4, 5, 6, 7, 8, 9, 10, 11, 12, 13, 14, 15, 16, 17"
1157,1734603903285,1734603904114,829,null,"1, 3, 4, 5, 6, 7, 8, 9, 10, 11, 12, 13, 14, 15, 16, 17"
1158,1734603903286,1734603904069,783,null,"1, 3, 4, 5, 6, 7, 8, 9, 10, 11, 12, 13, 14, 15, 16, 17"
1159,1734603903288,1734603904068,780,null,"1, 3, 4, 5, 6, 7, 8, 9, 10, 11, 12, 13, 14, 15, 16, 17"
1160,1734603903289,1734603904443,1154,null,"1, 3, 4, 5, 6, 7, 8, 9, 10, 11, 12, 13, 14, 15, 16, 17"
1161,1734603903359,1734603904225,866,null,"1, 3, 4, 5, 6, 7, 8, 9, 10, 11, 12, 13, 14, 15, 16, 17"
1162,1734603903360,1734603904401,1041,null,"1, 3, 4, 5, 6, 7, 8, 9, 10, 11, 12, 13, 14, 15, 16, 17"
1163,1734603903435,1734603904631,1196,null,"1, 3, 4, 5, 6, 7, 8, 9, 10, 11, 12, 13, 14, 15, 16, 17"
1164,1734603903466,1734603904686,1220,null,"1, 3, 4, 5, 6, 7, 8, 9, 10, 11, 12, 13, 14, 15, 16, 17"
1165,1734603903467,1734603904462,995,null,"1, 3, 4, 5, 6, 7, 8, 9, 10, 11, 12, 13, 14, 15, 16, 17"
1166,1734603903469,1734603904686,1217,null,"1, 3, 4, 5, 6, 7, 8, 9, 10, 11, 12, 13, 14, 15, 16, 17"
1167,1734603903513,1734603904686,1173,null,"1, 3, 4, 5, 6, 7, 8, 9, 10, 11, 12, 13, 14, 15, 16, 17"
1168,1734603903514,1734603904533,1019,null,"1, 3, 4, 5, 6, 7, 8, 9, 10, 11, 12, 13, 14, 15, 16, 17"
1169,1734603903593,1734603904686,1093,null,"1, 3, 4, 5, 6, 7, 8, 9, 10, 11, 12, 13, 14, 15, 16, 17"
1170,1734603903624,1734603904687,1063,null,"1, 3, 4, 5, 6, 7, 8, 9, 10, 11, 12, 13, 14, 15, 16, 17"
1171,1734603903626,1734603904631,1005,null,"1, 3, 4, 5, 6, 7, 8, 9, 10, 11, 12, 13, 14, 15, 16, 17"
1172,1734603903634,1734603904687,1053,null,"1, 3, 4, 5, 6, 7, 8, 9, 10, 11, 12, 13, 14, 15, 16, 17"
1173,1734603903672,1734603904526,854,null,"1, 3, 4, 5, 6, 7, 8, 9, 10, 11, 12, 13, 14, 15, 16, 17"
1174,1734603903673,1734603904687,1014,null,"1, 3, 4, 5, 6, 7, 8, 9, 10, 11, 12, 13, 14, 15, 16, 17"
1175,1734603903738,1734603904686,948,null,"1, 3, 4, 5, 6, 7, 8, 9, 10, 11, 12, 13, 14, 15, 16, 17"
1176,1734603903743,1734603904687,944,null,"1, 3, 4, 5, 6, 7, 8, 9, 10, 11, 12, 13, 14, 15, 16, 17"
1177,1734603903798,1734603904714,916,null,"1, 3, 4, 5, 6, 7, 8, 9, 10, 11, 12, 13, 14, 15, 16, 17"
1178,1734603903799,1734603904687,888,null,"1, 3, 4, 5, 6, 7, 8, 9, 10, 11, 12, 13, 14, 15, 16, 17"
1179,1734603903801,1734603904687,886,null,"1, 3, 4, 5, 6, 7, 8, 9, 10, 11, 12, 13, 14, 15, 16, 17"
1180,1734603903858,1734603904963,1105,null,"1, 3, 4, 5, 6, 7, 8, 9, 10, 11, 12, 13, 14, 15, 16, 17"
1181,1734603903860,1734603904963,1103,null,"1, 3, 4, 5, 6, 7, 8, 9, 10, 11, 12, 13, 14, 15, 16, 17"
1182,1734603903939,1734603905108,1169,null,"1, 3, 4, 5, 6, 7, 8, 9, 10, 11, 12, 13, 14, 15, 16, 17"
1183,1734603903940,1734603904903,963,null,"1, 3, 4, 5, 6, 7, 8, 9, 10, 11, 12, 13, 14, 15, 16, 17"
1184,1734603903942,1734603905120,1178,null,"1, 3, 4, 5, 6, 7, 8, 9, 10, 11, 12, 13, 14, 15, 16, 17"
1185,1734603903943,1734603905147,1204,null,"1, 3, 4, 5, 6, 7, 8, 9, 10, 11, 12, 13, 14, 15, 16, 17"
1186,1734603904010,1734603905103,1093,null,"1, 3, 4, 5, 6, 7, 8, 9, 10, 11, 12, 13, 14, 15, 16, 17"
1187,1734603904096,1734603905402,1306,null,"1, 3, 4, 5, 6, 7, 8, 9, 10, 11, 12, 13, 14, 15, 16, 17"
1188,1734603904217,1734603905249,1032,null,"1, 3, 4, 5, 6, 7, 8, 9, 10, 11, 12, 13, 14, 15, 16, 17"
1189,1734603904219,1734603905120,901,null,"1, 3, 4, 5, 6, 7, 8, 9, 10, 11, 12, 13, 14, 15, 16, 17"
1190,1734603904276,1734603905258,982,null,"1, 3, 4, 5, 6, 7, 8, 9, 10, 11, 12, 13, 14, 15, 16, 17"
1191,1734603904277,1734603905072,795,null,"1, 3, 4, 5, 6, 7, 8, 9, 10, 11, 12, 13, 14, 15, 16, 17"
1192,1734603904279,1734603905120,841,null,"1, 3, 4, 5, 6, 7, 8, 9, 10, 11, 12, 13, 14, 15, 16, 17"
1193,1734603904321,1734603905392,1071,null,"1, 3, 4, 5, 6, 7, 8, 9, 10, 11, 12, 13, 14, 15, 16, 17"
1194,1734603904322,1734603905249,927,null,"1, 3, 4, 5, 6, 7, 8, 9, 10, 11, 12, 13, 14, 15, 16, 17"
1195,1734603904323,1734603905486,1163,null,"1, 3, 4, 5, 6, 7, 8, 9, 10, 11, 12, 13, 14, 15, 16, 17"
1196,1734603904325,1734603905330,1005,null,"1, 3, 4, 5, 6, 7, 8, 9, 10, 11, 12, 13, 14, 15, 16, 17"
1197,1734603904415,1734603905249,834,null,"1, 3, 4, 5, 6, 7, 8, 9, 10, 11, 12, 13, 14, 15, 16, 17"
1198,1734603904416,1734603905330,914,null,"1, 3, 4, 5, 6, 7, 8, 9, 10, 11, 12, 13, 14, 15, 16, 17"
1199,1734603904417,1734603905393,976,null,"1, 3, 4, 5, 6, 7, 8, 9, 10, 11, 12, 13, 14, 15, 16, 17"
1200,1734603904470,1734603905510,1040,null,"1, 3, 4, 5, 6, 7, 8, 9, 10, 11, 12, 13, 14, 15, 16, 17"
1201,1734603904508,1734603905552,1044,null,"1, 3, 4, 5, 6, 7, 8, 9, 10, 11, 12, 13, 14, 15, 16, 17"
1202,1734603904509,1734603905486,977,null,"1, 3, 4, 5, 6, 7, 8, 9, 10, 11, 12, 13, 14, 15, 16, 17"
1203,1734603904553,1734603905509,956,null,"1, 3, 4, 5, 6, 7, 8, 9, 10, 11, 12, 13, 14, 15, 16, 17"
1204,1734603904554,1734603905808,1254,null,"1, 3, 4, 5, 6, 7, 8, 9, 10, 11, 12, 13, 14, 15, 16, 17"
1205,1734603904652,1734603905527,875,null,"1, 3, 4, 5, 6, 7, 8, 9, 10, 11, 12, 13, 14, 15, 16, 17"
1206,1734603904654,1734603905757,1103,null,"1, 3, 4, 5, 6, 7, 8, 9, 10, 11, 12, 13, 14, 15, 16, 17"
1207,1734603904655,1734603905686,1031,null,"1, 3, 4, 5, 6, 7, 8, 9, 10, 11, 12, 13, 14, 15, 16, 17"
1208,1734603904701,1734603905625,924,null,"1, 3, 4, 5, 6, 7, 8, 9, 10, 11, 12, 13, 14, 15, 16, 17"
1209,1734603904702,1734603905622,920,null,"1, 3, 4, 5, 6, 7, 8, 9, 10, 11, 12, 13, 14, 15, 16, 17"
1210,1734603904764,1734603905957,1193,null,"1, 3, 4, 5, 6, 7, 8, 9, 10, 11, 12, 13, 14, 15, 16, 17"
1211,1734603904765,1734603905808,1043,null,"1, 3, 4, 5, 6, 7, 8, 9, 10, 11, 12, 13, 14, 15, 16, 17"
1212,1734603904766,1734603906018,1252,null,"1, 3, 4, 5, 6, 7, 8, 9, 10, 11, 12, 13, 14, 15, 16, 17"
1213,1734603904842,1734603905808,966,null,"1, 3, 4, 5, 6, 7, 8, 9, 10, 11, 12, 13, 14, 15, 16, 17"
1214,1734603904844,1734603905834,990,null,"1, 3, 4, 5, 6, 7, 8, 9, 10, 11, 12, 13, 14, 15, 16, 17"
1215,1734603904909,1734603906159,1250,null,"1, 3, 4, 5, 6, 7, 8, 9, 10, 11, 12, 13, 14, 15, 16, 17"
1216,1734603904910,1734603905715,805,null,"1, 3, 4, 5, 6, 7, 8, 9, 10, 11, 12, 13, 14, 15, 16, 17"
1217,1734603904912,1734603906030,1118,null,"1, 3, 4, 5, 6, 7, 8, 9, 10, 11, 12, 13, 14, 15, 16, 17"
1218,1734603904913,1734603905957,1044,null,"1, 3, 4, 5, 6, 7, 8, 9, 10, 11, 12, 13, 14, 15, 16, 17"
1219,1734603904970,1734603906147,1177,null,"1, 3, 4, 5, 6, 7, 8, 9, 10, 11, 12, 13, 14, 15, 16, 17"
1220,1734603904972,1734603906041,1069,null,"1, 3, 4, 5, 6, 7, 8, 9, 10, 11, 12, 13, 14, 15, 16, 17"
1221,1734603905064,1734603905766,702,null,"1, 3, 4, 5, 6, 7, 8, 9, 10, 11, 12, 13, 14, 15, 16, 17"
1222,1734603905065,1734603905957,892,null,"1, 3, 4, 5, 6, 7, 8, 9, 10, 11, 12, 13, 14, 15, 16, 17"
1223,1734603905067,1734603906108,1041,null,"1, 3, 4, 5, 6, 7, 8, 9, 10, 11, 12, 13, 14, 15, 16, 17"
1224,1734603905134,1734603906018,884,null,"1, 3, 4, 5, 6, 7, 8, 9, 10, 11, 12, 13, 14, 15, 16, 17"
1225,1734603905135,1734603906147,1012,null,"1, 3, 4, 5, 6, 7, 8, 9, 10, 11, 12, 13, 14, 15, 16, 17"
1226,1734603905136,1734603906253,1117,null,"1, 3, 4, 5, 6, 7, 8, 9, 10, 11, 12, 13, 14, 15, 16, 17"
1227,1734603905203,1734603906213,1010,null,"1, 3, 4, 5, 6, 7, 8, 9, 10, 11, 12, 13, 14, 15, 16, 17"
1228,1734603905267,1734603906147,880,null,"1, 3, 4, 5, 6, 7, 8, 9, 10, 11, 12, 13, 14, 15, 16, 17"
1229,1734603905271,1734603906266,995,null,"1, 3, 4, 5, 6, 7, 8, 9, 10, 11, 12, 13, 14, 15, 16, 17"
1230,1734603905273,1734603906356,1083,null,"1, 3, 4, 5, 6, 7, 8, 9, 10, 11, 12, 13, 14, 15, 16, 17"
1231,1734603905316,1734603906345,1029,null,"1, 3, 4, 5, 6, 7, 8, 9, 10, 11, 12, 13, 14, 15, 16, 17"
1232,1734603905317,1734603906377,1060,null,"1, 3, 4, 5, 6, 7, 8, 9, 10, 11, 12, 13, 14, 15, 16, 17"
1233,1734603905319,1734603906147,828,null,"1, 3, 4, 5, 6, 7, 8, 9, 10, 11, 12, 13, 14, 15, 16, 17"
1234,1734603905420,1734603906610,1190,null,"1, 3, 4, 5, 6, 7, 8, 9, 10, 11, 12, 13, 14, 15, 16, 17"
1235,1734603905421,1734603906377,956,null,"1, 3, 4, 5, 6, 7, 8, 9, 10, 11, 12, 13, 14, 15, 16, 17"
1236,1734603905467,1734603906610,1143,null,"1, 3, 4, 5, 6, 7, 8, 9, 10, 11, 12, 13, 14, 15, 16, 17"
1237,1734603905506,1734603906610,1104,null,"1, 3, 4, 5, 6, 7, 8, 9, 10, 11, 12, 13, 14, 15, 16, 17"
1238,1734603905514,1734603906703,1189,null,"1, 3, 4, 5, 6, 7, 8, 9, 10, 11, 12, 13, 14, 15, 16, 17"
1239,1734603905579,1734603906744,1165,null,"1, 3, 4, 5, 6, 7, 8, 9, 10, 11, 12, 13, 14, 15, 16, 17"
1240,1734603905581,1734603906396,815,null,"1, 3, 4, 5, 6, 7, 8, 9, 10, 11, 12, 13, 14, 15, 16, 17"
1241,1734603905582,1734603906377,795,null,"1, 3, 4, 5, 6, 7, 8, 9, 10, 11, 12, 13, 14, 15, 16, 17"
1242,1734603905643,1734603906460,817,null,"1, 3, 4, 5, 6, 7, 8, 9, 10, 11, 12, 13, 14, 15, 16, 17"
1243,1734603905659,1734603906610,951,null,"1, 3, 4, 5, 6, 7, 8, 9, 10, 11, 12, 13, 14, 15, 16, 17"
1244,1734603905687,1734603906514,827,null,"1, 3, 4, 5, 6, 7, 8, 9, 10, 11, 12, 13, 14, 15, 16, 17"
1245,1734603905688,1734603906610,922,null,"1, 3, 4, 5, 6, 7, 8, 9, 10, 11, 12, 13, 14, 15, 16, 17"
1246,1734603905737,1734603906492,755,null,"1, 3, 4, 5, 6, 7, 8, 9, 10, 11, 12, 13, 14, 15, 16, 17"
1247,1734603905752,1734603906828,1076,null,"1, 3, 4, 5, 6, 7, 8, 9, 10, 11, 12, 13, 14, 15, 16, 17"
1248,1734603905753,1734603906902,1149,null,"1, 3, 4, 5, 6, 7, 8, 9, 10, 11, 12, 13, 14, 15, 16, 17"
1249,1734603905816,1734603906943,1127,null,"1, 3, 4, 5, 6, 7, 8, 9, 10, 11, 12, 13, 14, 15, 16, 17"
1250,1734603905869,1734603906902,1033,null,"1, 3, 4, 5, 6, 7, 8, 9, 10, 11, 12, 13, 14, 15, 16, 17"
1251,1734603905871,1734603906992,1121,null,"1, 3, 4, 5, 6, 7, 8, 9, 10, 11, 12, 13, 14, 15, 16, 17"
1252,1734603905883,1734603906902,1019,null,"1, 3, 4, 5, 6, 7, 8, 9, 10, 11, 12, 13, 14, 15, 16, 17"
1253,1734603905884,1734603906536,652,null,"1, 3, 4, 5, 6, 7, 8, 9, 10, 11, 12, 13, 14, 15, 16, 17"
1254,1734603905921,1734603907040,1119,null,"1, 3, 4, 5, 6, 7, 8, 9, 10, 11, 12, 13, 14, 15, 16, 17"
1255,1734603905923,1734603907164,1241,null,"1, 3, 4, 5, 6, 7, 8, 9, 10, 11, 12, 13, 14, 15, 16, 17"
1256,1734603905924,1734603906610,686,null,"1, 3, 4, 5, 6, 7, 8, 9, 10, 11, 12, 13, 14, 15, 16, 17"
1257,1734603905964,1734603906902,938,null,"1, 3, 4, 5, 6, 7, 8, 9, 10, 11, 12, 13, 14, 15, 16, 17"
1258,1734603905965,1734603906902,937,null,"1, 3, 4, 5, 6, 7, 8, 9, 10, 11, 12, 13, 14, 15, 16, 17"
1259,1734603905967,1734603907041,1074,null,"1, 3, 4, 5, 6, 7, 8, 9, 10, 11, 12, 13, 14, 15, 16, 17"
1260,1734603906070,1734603906902,832,null,"1, 3, 4, 5, 6, 7, 8, 9, 10, 11, 12, 13, 14, 15, 16, 17"
1261,1734603906071,1734603906943,872,null,"1, 3, 4, 5, 6, 7, 8, 9, 10, 11, 12, 13, 14, 15, 16, 17"
1262,1734603906072,1734603906983,911,null,"1, 3, 4, 5, 6, 7, 8, 9, 10, 11, 12, 13, 14, 15, 16, 17"
1263,1734603906154,1734603907251,1097,null,"1, 3, 4, 5, 6, 7, 8, 9, 10, 11, 12, 13, 14, 15, 16, 17"
1264,1734603906159,1734603906705,546,null,"1, 3, 4, 5, 6, 7, 8, 9, 10, 11, 12, 13, 14, 15, 16, 17"
1265,1734603906257,1734603907289,1032,null,"1, 3, 4, 5, 6, 7, 8, 9, 10, 11, 12, 13, 14, 15, 16, 17"
1266,1734603906313,1734603907219,906,null,"1, 3, 4, 5, 6, 7, 8, 9, 10, 11, 12, 13, 14, 15, 16, 17"
1267,1734603906386,1734603907343,957,null,"1, 3, 4, 5, 6, 7, 8, 9, 10, 11, 12, 13, 14, 15, 16, 17"
1268,1734603906387,1734603907305,918,null,"1, 3, 4, 5, 6, 7, 8, 9, 10, 11, 12, 13, 14, 15, 16, 17"
1269,1734603906389,1734603907321,932,null,"1, 3, 4, 5, 6, 7, 8, 9, 10, 11, 12, 13, 14, 15, 16, 17"
1270,1734603906429,1734603907780,1351,null,"1, 3, 4, 5, 6, 7, 8, 9, 10, 11, 12, 13, 14, 15, 16, 17"
1271,1734603906430,1734603907516,1086,null,"1, 3, 4, 5, 6, 7, 8, 9, 10, 11, 12, 13, 14, 15, 16, 17"
1272,1734603906485,1734603907289,804,null,"1, 3, 4, 5, 6, 7, 8, 9, 10, 11, 12, 13, 14, 15, 16, 17"
1273,1734603906486,1734603907639,1153,null,"1, 3, 4, 5, 6, 7, 8, 9, 10, 11, 12, 13, 14, 15, 16, 17"
1274,1734603906573,1734603907500,927,null,"1, 3, 4, 5, 6, 7, 8, 9, 10, 11, 12, 13, 14, 15, 16, 17"
1275,1734603906574,1734603907305,731,null,"1, 3, 4, 5, 6, 7, 8, 9, 10, 11, 12, 13, 14, 15, 16, 17"
1276,1734603906576,1734603907548,972,null,"1, 3, 4, 5, 6, 7, 8, 9, 10, 11, 12, 13, 14, 15, 16, 17"
1277,1734603906641,1734603907781,1140,null,"1, 3, 4, 5, 6, 7, 8, 9, 10, 11, 12, 13, 14, 15, 16, 17"
1278,1734603906642,1734603907451,809,null,"1, 3, 4, 5, 6, 7, 8, 9, 10, 11, 12, 13, 14, 15, 16, 17"
1279,1734603906704,1734603907667,963,null,"1, 3, 4, 5, 6, 7, 8, 9, 10, 11, 12, 13, 14, 15, 16, 17"
1280,1734603906705,1734603907569,864,null,"1, 3, 4, 5, 6, 7, 8, 9, 10, 11, 12, 13, 14, 15, 16, 17"
1281,1734603906745,1734603907773,1028,null,"1, 3, 4, 5, 6, 7, 8, 9, 10, 11, 12, 13, 14, 15, 16, 17"
1282,1734603906746,1734603907773,1027,null,"1, 3, 4, 5, 6, 7, 8, 9, 10, 11, 12, 13, 14, 15, 16, 17"
1283,1734603906814,1734603908124,1310,null,"1, 3, 4, 5, 6, 7, 8, 9, 10, 11, 12, 13, 14, 15, 16, 17"
1284,1734603906822,1734603907773,951,null,"1, 3, 4, 5, 6, 7, 8, 9, 10, 11, 12, 13, 14, 15, 16, 17"
1285,1734603906864,1734603908214,1350,null,"1, 3, 4, 5, 6, 7, 8, 9, 10, 11, 12, 13, 14, 15, 16, 17"
1286,1734603906882,1734603908173,1291,null,"1, 3, 4, 5, 6, 7, 8, 9, 10, 11, 12, 13, 14, 15, 16, 17"
1287,1734603906908,1734603908214,1306,null,"1, 3, 4, 5, 6, 7, 8, 9, 10, 11, 12, 13, 14, 15, 16, 17"
1288,1734603906909,1734603908123,1214,null,"1, 3, 4, 5, 6, 7, 8, 9, 10, 11, 12, 13, 14, 15, 16, 17"
1289,1734603906958,1734603908315,1357,null,"1, 3, 4, 5, 6, 7, 8, 9, 10, 11, 12, 13, 14, 15, 16, 17"
1290,1734603906960,1734603908214,1254,null,"1, 3, 4, 5, 6, 7, 8, 9, 10, 11, 12, 13, 14, 15, 16, 17"
1291,1734603906961,1734603908464,1503,null,"1, 3, 4, 5, 6, 7, 8, 9, 10, 11, 12, 13, 14, 15, 16, 17"
1292,1734603907036,1734603907886,850,null,"1, 3, 4, 5, 6, 7, 8, 9, 10, 11, 12, 13, 14, 15, 16, 17"
1293,1734603907041,1734603907467,426,null,"1, 3, 4, 5, 6, 7, 8, 9, 10, 11, 12, 13, 14, 15, 16, 17"
1294,1734603907054,1734603908173,1119,null,"1, 3, 4, 5, 6, 7, 8, 9, 10, 11, 12, 13, 14, 15, 16, 17"
1295,1734603907055,1734603908214,1159,null,"1, 3, 4, 5, 6, 7, 8, 9, 10, 11, 12, 13, 14, 15, 16, 17"
1296,1734603907056,1734603908214,1158,null,"1, 3, 4, 5, 6, 7, 8, 9, 10, 11, 12, 13, 14, 15, 16, 17"
1297,1734603907122,1734603908173,1051,null,"1, 3, 4, 5, 6, 7, 8, 9, 10, 11, 12, 13, 14, 15, 16, 17"
1298,1734603907124,1734603907917,793,null,"1, 3, 4, 5, 6, 7, 8, 9, 10, 11, 12, 13, 14, 15, 16, 17"
1299,1734603907211,1734603908315,1104,null,"1, 3, 4, 5, 6, 7, 8, 9, 10, 11, 12, 13, 14, 15, 16, 17"
1300,1734603907212,1734603908263,1051,null,"1, 3, 4, 5, 6, 7, 8, 9, 10, 11, 12, 13, 14, 15, 16, 17"
1301,1734603907231,1734603908451,1220,null,"1, 3, 4, 5, 6, 7, 8, 9, 10, 11, 12, 13, 14, 15, 16, 17"
1302,1734603907333,1734603908451,1118,null,"1, 3, 4, 5, 6, 7, 8, 9, 10, 11, 12, 13, 14, 15, 16, 17"
1303,1734603907334,1734603908315,981,null,"1, 3, 4, 5, 6, 7, 8, 9, 10, 11, 12, 13, 14, 15, 16, 17"
1304,1734603907336,1734603908521,1185,null,"1, 3, 4, 5, 6, 7, 8, 9, 10, 11, 12, 13, 14, 15, 16, 17"
1305,1734603907410,1734603908741,1331,null,"1, 3, 4, 5, 6, 7, 8, 9, 10, 11, 12, 13, 14, 15, 16, 17"
1306,1734603907426,1734603908665,1239,null,"1, 3, 4, 5, 6, 7, 8, 9, 10, 11, 12, 13, 14, 15, 16, 17"
1307,1734603907427,1734603909009,1582,null,"1, 3, 4, 5, 6, 7, 8, 9, 10, 11, 12, 13, 14, 15, 16, 17"
1308,1734603907428,1734603908678,1250,null,"1, 3, 4, 5, 6, 7, 8, 9, 10, 11, 12, 13, 14, 15, 16, 17"
1309,1734603907430,1734603908505,1075,null,"1, 3, 4, 5, 6, 7, 8, 9, 10, 11, 12, 13, 14, 15, 16, 17"
1310,1734603907431,1734603908443,1012,null,"1, 3, 4, 5, 6, 7, 8, 9, 10, 11, 12, 13, 14, 15, 16, 17"
1311,1734603907432,1734603908506,1074,null,"1, 3, 4, 5, 6, 7, 8, 9, 10, 11, 12, 13, 14, 15, 16, 17"
1312,1734603907433,1734603908678,1245,null,"1, 3, 4, 5, 6, 7, 8, 9, 10, 11, 12, 13, 14, 15, 16, 17"
1313,1734603907435,1734603908451,1016,null,"1, 3, 4, 5, 6, 7, 8, 9, 10, 11, 12, 13, 14, 15, 16, 17"
1314,1734603907436,1734603908505,1069,null,"1, 3, 4, 5, 6, 7, 8, 9, 10, 11, 12, 13, 14, 15, 16, 17"
1315,1734603907437,1734603908700,1263,null,"1, 3, 4, 5, 6, 7, 8, 9, 10, 11, 12, 13, 14, 15, 16, 17"
1316,1734603907438,1734603908465,1027,null,"1, 3, 4, 5, 6, 7, 8, 9, 10, 11, 12, 13, 14, 15, 16, 17"
1317,1734603907440,1734603909075,1635,null,"1, 3, 4, 5, 6, 7, 8, 9, 10, 11, 12, 13, 14, 15, 16, 17"
1318,1734603907441,1734603908941,1500,null,"1, 3, 4, 5, 6, 7, 8, 9, 10, 11, 12, 13, 14, 15, 16, 17"
1319,1734603907442,1734603908724,1282,null,"1, 3, 4, 5, 6, 7, 8, 9, 10, 11, 12, 13, 14, 15, 16, 17"
1320,1734603907443,1734603908659,1216,null,"1, 3, 4, 5, 6, 7, 8, 9, 10, 11, 12, 13, 14, 15, 16, 17"
1321,1734603907445,1734603908505,1060,null,"1, 3, 4, 5, 6, 7, 8, 9, 10, 11, 12, 13, 14, 15, 16, 17"
1322,1734603907467,1734603908678,1211,null,"1, 3, 4, 5, 6, 7, 8, 9, 10, 11, 12, 13, 14, 15, 16, 17"
1323,1734603907468,1734603908814,1346,null,"1, 3, 4, 5, 6, 7, 8, 9, 10, 11, 12, 13, 14, 15, 16, 17"
1324,1734603907517,1734603908949,1432,null,"1, 3, 4, 5, 6, 7, 8, 9, 10, 11, 12, 13, 14, 15, 16, 17"
1325,1734603907569,1734603908590,1021,null,"1, 3, 4, 5, 6, 7, 8, 9, 10, 11, 12, 13, 14, 15, 16, 17"
1326,1734603907570,1734603909217,1647,null,"1, 3, 4, 5, 6, 7, 8, 9, 10, 11, 12, 13, 14, 15, 16, 17"
1327,1734603907680,1734603908464,784,null,"1, 3, 4, 5, 6, 7, 8, 9, 10, 11, 12, 13, 14, 15, 16, 17"
1328,1734603907682,1734603908779,1097,null,"1, 3, 4, 5, 6, 7, 8, 9, 10, 11, 12, 13, 14, 15, 16, 17"
1329,1734603907683,1734603908665,982,null,"1, 3, 4, 5, 6, 7, 8, 9, 10, 11, 12, 13, 14, 15, 16, 17"
1330,1734603907773,1734603909028,1255,null,"1, 3, 4, 5, 6, 7, 8, 9, 10, 11, 12, 13, 14, 15, 16, 17"
1331,1734603907774,1734603908665,891,null,"1, 3, 4, 5, 6, 7, 8, 9, 10, 11, 12, 13, 14, 15, 16, 17"
1332,1734603907859,1734603909009,1150,null,"1, 3, 4, 5, 6, 7, 8, 9, 10, 11, 12, 13, 14, 15, 16, 17"
1333,1734603907868,1734603909193,1325,null,"1, 3, 4, 5, 6, 7, 8, 9, 10, 11, 12, 13, 14, 15, 16, 17"
1334,1734603907939,1734603909335,1396,null,"1, 3, 4, 5, 6, 7, 8, 9, 10, 11, 12, 13, 14, 15, 16, 17"
1335,1734603907947,1734603909044,1097,null,"1, 3, 4, 5, 6, 7, 8, 9, 10, 11, 12, 13, 14, 15, 16, 17"
1336,1734603907958,1734603908849,891,null,"1, 3, 4, 5, 6, 7, 8, 9, 10, 11, 12, 13, 14, 15, 16, 17"
1337,1734603907959,1734603908677,718,null,"1, 3, 4, 5, 6, 7, 8, 9, 10, 11, 12, 13, 14, 15, 16, 17"
1338,1734603907960,1734603909050,1090,null,"1, 3, 4, 5, 6, 7, 8, 9, 10, 11, 12, 13, 14, 15, 16, 17"
1339,1734603908037,1734603909028,991,null,"1, 3, 4, 5, 6, 7, 8, 9, 10, 11, 12, 13, 14, 15, 16, 17"
1340,1734603908039,1734603909193,1154,null,"1, 3, 4, 5, 6, 7, 8, 9, 10, 11, 12, 13, 14, 15, 16, 17"
1341,1734603908040,1734603909009,969,null,"1, 3, 4, 5, 6, 7, 8, 9, 10, 11, 12, 13, 14, 15, 16, 17"
1342,1734603908083,1734603909009,926,null,"1, 3, 4, 5, 6, 7, 8, 9, 10, 11, 12, 13, 14, 15, 16, 17"
1343,1734603908088,1734603909328,1240,null,"1, 3, 4, 5, 6, 7, 8, 9, 10, 11, 12, 13, 14, 15, 16, 17"
1344,1734603908089,1734603909193,1104,null,"1, 3, 4, 5, 6, 7, 8, 9, 10, 11, 12, 13, 14, 15, 16, 17"
1345,1734603908262,1734603909370,1108,null,"1, 3, 4, 5, 6, 7, 8, 9, 10, 11, 12, 13, 14, 15, 16, 17"
1346,1734603908315,1734603909486,1171,null,"1, 3, 4, 5, 6, 7, 8, 9, 10, 11, 12, 13, 14, 15, 16, 17"
1347,1734603908317,1734603909192,875,null,"1, 3, 4, 5, 6, 7, 8, 9, 10, 11, 12, 13, 14, 15, 16, 17"
1348,1734603908318,1734603909503,1185,null,"1, 3, 4, 5, 6, 7, 8, 9, 10, 11, 12, 13, 14, 15, 16, 17"
1349,1734603908475,1734603909711,1236,null,"1, 3, 4, 5, 6, 7, 8, 9, 10, 11, 12, 13, 14, 15, 16, 17"
1350,1734603908572,1734603909503,931,null,"1, 3, 4, 5, 6, 7, 8, 9, 10, 11, 12, 13, 14, 15, 16, 17"
1351,1734603908573,1734603909600,1027,null,"1, 3, 4, 5, 6, 7, 8, 9, 10, 11, 12, 13, 14, 15, 16, 17"
1352,1734603908575,1734603909571,996,null,"1, 3, 4, 5, 6, 7, 8, 9, 10, 11, 12, 13, 14, 15, 16, 17"
1353,1734603908662,1734603909650,988,null,"1, 3, 4, 5, 6, 7, 8, 9, 10, 11, 12, 13, 14, 15, 16, 17"
1354,1734603908739,1734603909580,841,null,"1, 3, 4, 5, 6, 7, 8, 9, 10, 11, 12, 13, 14, 15, 16, 17"
1355,1734603908740,1734603909710,970,null,"1, 3, 4, 5, 6, 7, 8, 9, 10, 11, 12, 13, 14, 15, 16, 17"
1356,1734603908741,1734603909756,1015,null,"1, 3, 4, 5, 6, 7, 8, 9, 10, 11, 12, 13, 14, 15, 16, 17"
1357,1734603908838,1734603909963,1125,null,"1, 3, 4, 5, 6, 7, 8, 9, 10, 11, 12, 13, 14, 15, 16, 17"
1358,1734603908839,1734603909693,854,null,"1, 3, 4, 5, 6, 7, 8, 9, 10, 11, 12, 13, 14, 15, 16, 17"
1359,1734603908840,1734603909975,1135,null,"1, 3, 4, 5, 6, 7, 8, 9, 10, 11, 12, 13, 14, 15, 16, 17"
1360,1734603908919,1734603909883,964,null,"1, 3, 4, 5, 6, 7, 8, 9, 10, 11, 12, 13, 14, 15, 16, 17"
1361,1734603908921,1734603910042,1121,null,"1, 3, 4, 5, 6, 7, 8, 9, 10, 11, 12, 13, 14, 15, 16, 17"
1362,1734603908922,1734603909711,789,null,"1, 3, 4, 5, 6, 7, 8, 9, 10, 11, 12, 13, 14, 15, 16, 17"
1363,1734603909002,1734603909885,883,null,"1, 3, 4, 5, 6, 7, 8, 9, 10, 11, 12, 13, 14, 15, 16, 17"
1364,1734603909028,1734603909710,682,null,"1, 3, 4, 5, 6, 7, 8, 9, 10, 11, 12, 13, 14, 15, 16, 17"
1365,1734603909030,1734603910269,1239,null,"1, 3, 4, 5, 6, 7, 8, 9, 10, 11, 12, 13, 14, 15, 16, 17"
1366,1734603909031,1734603910023,992,null,"1, 3, 4, 5, 6, 7, 8, 9, 10, 11, 12, 13, 14, 15, 16, 17"
1367,1734603909099,1734603910406,1307,null,"1, 3, 4, 5, 6, 7, 8, 9, 10, 11, 12, 13, 14, 15, 16, 17"
1368,1734603909101,1734603910191,1090,null,"1, 3, 4, 5, 6, 7, 8, 9, 10, 11, 12, 13, 14, 15, 16, 17"
1369,1734603909102,1734603909963,861,null,"1, 3, 4, 5, 6, 7, 8, 9, 10, 11, 12, 13, 14, 15, 16, 17"
1370,1734603909189,1734603910269,1080,null,"1, 3, 4, 5, 6, 7, 8, 9, 10, 11, 12, 13, 14, 15, 16, 17"
1371,1734603909190,1734603909756,566,null,"1, 3, 4, 5, 6, 7, 8, 9, 10, 11, 12, 13, 14, 15, 16, 17"
1372,1734603909192,1734603910407,1215,null,"1, 3, 4, 5, 6, 7, 8, 9, 10, 11, 12, 13, 14, 15, 16, 17"
1373,1734603909238,1734603910151,913,null,"1, 3, 4, 5, 6, 7, 8, 9, 10, 11, 12, 13, 14, 15, 16, 17"
1374,1734603909239,1734603910146,907,null,"1, 3, 4, 5, 6, 7, 8, 9, 10, 11, 12, 13, 14, 15, 16, 17"
1375,1734603909306,1734603910206,900,null,"1, 3, 4, 5, 6, 7, 8, 9, 10, 11, 12, 13, 14, 15, 16, 17"
1376,1734603909307,1734603910269,962,null,"1, 3, 4, 5, 6, 7, 8, 9, 10, 11, 12, 13, 14, 15, 16, 17"
1377,1734603909309,1734603909883,574,null,"1, 3, 4, 5, 6, 7, 8, 9, 10, 11, 12, 13, 14, 15, 16, 17"
1378,1734603909387,1734603910088,701,null,"1, 3, 4, 5, 6, 7, 8, 9, 10, 11, 12, 13, 14, 15, 16, 17"
1379,1734603909388,1734603909963,575,null,"1, 3, 4, 5, 6, 7, 8, 9, 10, 11, 12, 13, 14, 15, 16, 17"
1380,1734603909390,1734603910155,765,null,"1, 3, 4, 5, 6, 7, 8, 9, 10, 11, 12, 13, 14, 15, 16, 17"
1381,1734603909459,1734603910269,810,null,"1, 3, 4, 5, 6, 7, 8, 9, 10, 11, 12, 13, 14, 15, 16, 17"
1382,1734603909476,1734603910144,668,null,"1, 3, 4, 5, 6, 7, 8, 9, 10, 11, 12, 13, 14, 15, 16, 17"
1383,1734603909509,1734603910461,952,null,"1, 3, 4, 5, 6, 7, 8, 9, 10, 11, 12, 13, 14, 15, 16, 17"
1384,1734603909523,1734603910409,886,null,"1, 3, 4, 5, 6, 7, 8, 9, 10, 11, 12, 13, 14, 15, 16, 17"
1385,1734603909573,1734603910530,957,null,"1, 3, 4, 5, 6, 7, 8, 9, 10, 11, 12, 13, 14, 15, 16, 17"
1386,1734603909625,1734603910689,1064,null,"1, 3, 4, 5, 6, 7, 8, 9, 10, 11, 12, 13, 14, 15, 16, 17"
1387,1734603909651,1734603910659,1008,null,"1, 3, 4, 5, 6, 7, 8, 9, 10, 11, 12, 13, 14, 15, 16, 17"
1388,1734603909701,1734603910863,1162,null,"1, 3, 4, 5, 6, 7, 8, 9, 10, 11, 12, 13, 14, 15, 16, 17"
1389,1734603909708,1734603910748,1040,null,"1, 3, 4, 5, 6, 7, 8, 9, 10, 11, 12, 13, 14, 15, 16, 17"
1390,1734603909767,1734603910842,1075,null,"1, 3, 4, 5, 6, 7, 8, 9, 10, 11, 12, 13, 14, 15, 16, 17"
1391,1734603909769,1734603910863,1094,null,"1, 3, 4, 5, 6, 7, 8, 9, 10, 11, 12, 13, 14, 15, 16, 17"
1392,1734603909824,1734603910663,839,null,"1, 3, 4, 5, 6, 7, 8, 9, 10, 11, 12, 13, 14, 15, 16, 17"
1393,1734603909826,1734603910863,1037,null,"1, 3, 4, 5, 6, 7, 8, 9, 10, 11, 12, 13, 14, 15, 16, 17"
1394,1734603909827,1734603910677,850,null,"1, 3, 4, 5, 6, 7, 8, 9, 10, 11, 12, 13, 14, 15, 16, 17"
1395,1734603909907,1734603910932,1025,null,"1, 3, 4, 5, 6, 7, 8, 9, 10, 11, 12, 13, 14, 15, 16, 17"
1396,1734603909908,1734603910864,956,null,"1, 3, 4, 5, 6, 7, 8, 9, 10, 11, 12, 13, 14, 15, 16, 17"
1397,1734603909916,1734603911185,1269,null,"1, 3, 4, 5, 6, 7, 8, 9, 10, 11, 12, 13, 14, 15, 16, 17"
1398,1734603909949,1734603910863,914,null,"1, 3, 4, 5, 6, 7, 8, 9, 10, 11, 12, 13, 14, 15, 16, 17"
1399,1734603909951,1734603910863,912,null,"1, 3, 4, 5, 6, 7, 8, 9, 10, 11, 12, 13, 14, 15, 16, 17"
1400,1734603910036,1734603910932,896,null,"1, 3, 4, 5, 6, 7, 8, 9, 10, 11, 12, 13, 14, 15, 16, 17"
1401,1734603910051,1734603910932,881,null,"1, 3, 4, 5, 6, 7, 8, 9, 10, 11, 12, 13, 14, 15, 16, 17"
1402,1734603910053,1734603910979,926,null,"1, 3, 4, 5, 6, 7, 8, 9, 10, 11, 12, 13, 14, 15, 16, 17"
1403,1734603910109,1734603911111,1002,null,"1, 3, 4, 5, 6, 7, 8, 9, 10, 11, 12, 13, 14, 15, 16, 17"
1404,1734603910110,1734603911033,923,null,"1, 3, 4, 5, 6, 7, 8, 9, 10, 11, 12, 13, 14, 15, 16, 17"
1405,1734603910112,1734603911459,1347,null,"1, 3, 4, 5, 6, 7, 8, 9, 10, 11, 12, 13, 14, 15, 16, 17"
1406,1734603910146,1734603911459,1313,null,"1, 3, 4, 5, 6, 7, 8, 9, 10, 11, 12, 13, 14, 15, 16, 17"
1407,1734603910147,1734603911000,853,null,"1, 3, 4, 5, 6, 7, 8, 9, 10, 11, 12, 13, 14, 15, 16, 17"
1408,1734603910193,1734603911459,1266,null,"1, 3, 4, 5, 6, 7, 8, 9, 10, 11, 12, 13, 14, 15, 16, 17"
1409,1734603910194,1734603911131,937,null,"1, 3, 4, 5, 6, 7, 8, 9, 10, 11, 12, 13, 14, 15, 16, 17"
1410,1734603910196,1734603910979,783,null,"1, 3, 4, 5, 6, 7, 8, 9, 10, 11, 12, 13, 14, 15, 16, 17"
1411,1734603910272,1734603911185,913,null,"1, 3, 4, 5, 6, 7, 8, 9, 10, 11, 12, 13, 14, 15, 16, 17"
1412,1734603910274,1734603911459,1185,null,"1, 3, 4, 5, 6, 7, 8, 9, 10, 11, 12, 13, 14, 15, 16, 17"
1413,1734603910275,1734603911239,964,null,"1, 3, 4, 5, 6, 7, 8, 9, 10, 11, 12, 13, 14, 15, 16, 17"
1414,1734603910375,1734603911459,1084,null,"1, 3, 4, 5, 6, 7, 8, 9, 10, 11, 12, 13, 14, 15, 16, 17"
1415,1734603910376,1734603911459,1083,null,"1, 3, 4, 5, 6, 7, 8, 9, 10, 11, 12, 13, 14, 15, 16, 17"
1416,1734603910445,1734603911185,740,null,"1, 3, 4, 5, 6, 7, 8, 9, 10, 11, 12, 13, 14, 15, 16, 17"
1417,1734603910447,1734603911499,1052,null,"1, 3, 4, 5, 6, 7, 8, 9, 10, 11, 12, 13, 14, 15, 16, 17"
1418,1734603910448,1734603911719,1271,null,"1, 3, 4, 5, 6, 7, 8, 9, 10, 11, 12, 13, 14, 15, 16, 17"
1419,1734603910521,1734603911459,938,null,"1, 3, 4, 5, 6, 7, 8, 9, 10, 11, 12, 13, 14, 15, 16, 17"
1420,1734603910528,1734603911459,931,null,"1, 3, 4, 5, 6, 7, 8, 9, 10, 11, 12, 13, 14, 15, 16, 17"
1421,1734603910529,1734603911459,930,null,"1, 3, 4, 5, 6, 7, 8, 9, 10, 11, 12, 13, 14, 15, 16, 17"
1422,1734603910530,1734603911459,929,null,"1, 3, 4, 5, 6, 7, 8, 9, 10, 11, 12, 13, 14, 15, 16, 17"
1423,1734603910532,1734603911459,927,null,"1, 3, 4, 5, 6, 7, 8, 9, 10, 11, 12, 13, 14, 15, 16, 17"
1424,1734603910533,1734603911459,926,null,"1, 3, 4, 5, 6, 7, 8, 9, 10, 11, 12, 13, 14, 15, 16, 17"
1425,1734603910570,1734603911648,1078,null,"1, 3, 4, 5, 6, 7, 8, 9, 10, 11, 12, 13, 14, 15, 16, 17"
1426,1734603910571,1734603911459,888,null,"1, 3, 4, 5, 6, 7, 8, 9, 10, 11, 12, 13, 14, 15, 16, 17"
1427,1734603910573,1734603911546,973,null,"1, 3, 4, 5, 6, 7, 8, 9, 10, 11, 12, 13, 14, 15, 16, 17"
1428,1734603910672,1734603911522,850,null,"1, 3, 4, 5, 6, 7, 8, 9, 10, 11, 12, 13, 14, 15, 16, 17"
1429,1734603910674,1734603911459,785,null,"1, 3, 4, 5, 6, 7, 8, 9, 10, 11, 12, 13, 14, 15, 16, 17"
1430,1734603910675,1734603911673,998,null,"1, 3, 4, 5, 6, 7, 8, 9, 10, 11, 12, 13, 14, 15, 16, 17"
1431,1734603910690,1734603911565,875,null,"1, 3, 4, 5, 6, 7, 8, 9, 10, 11, 12, 13, 14, 15, 16, 17"
1432,1734603910692,1734603911852,1160,null,"1, 3, 4, 5, 6, 7, 8, 9, 10, 11, 12, 13, 14, 15, 16, 17"
1433,1734603910754,1734603911852,1098,null,"1, 3, 4, 5, 6, 7, 8, 9, 10, 11, 12, 13, 14, 15, 16, 17"
1434,1734603910803,1734603911679,876,null,"1, 3, 4, 5, 6, 7, 8, 9, 10, 11, 12, 13, 14, 15, 16, 17"
1435,1734603910806,1734603911956,1150,null,"1, 3, 4, 5, 6, 7, 8, 9, 10, 11, 12, 13, 14, 15, 16, 17"
1436,1734603910916,1734603912110,1194,null,"1, 3, 4, 5, 6, 7, 8, 9, 10, 11, 12, 13, 14, 15, 16, 17"
1437,1734603910917,1734603911990,1073,null,"1, 3, 4, 5, 6, 7, 8, 9, 10, 11, 12, 13, 14, 15, 16, 17"
1438,1734603911008,1734603911990,982,null,"1, 3, 4, 5, 6, 7, 8, 9, 10, 11, 12, 13, 14, 15, 16, 17"
1439,1734603911010,1734603912110,1100,null,"1, 3, 4, 5, 6, 7, 8, 9, 10, 11, 12, 13, 14, 15, 16, 17"
1440,1734603911011,1734603911852,841,null,"1, 3, 4, 5, 6, 7, 8, 9, 10, 11, 12, 13, 14, 15, 16, 17"
1441,1734603911072,1734603911939,867,null,"1, 3, 4, 5, 6, 7, 8, 9, 10, 11, 12, 13, 14, 15, 16, 17"
1442,1734603911074,1734603912109,1035,null,"1, 3, 4, 5, 6, 7, 8, 9, 10, 11, 12, 13, 14, 15, 16, 17"
1443,1734603911075,1734603912143,1068,null,"1, 3, 4, 5, 6, 7, 8, 9, 10, 11, 12, 13, 14, 15, 16, 17"
1444,1734603911157,1734603912020,863,null,"1, 3, 4, 5, 6, 7, 8, 9, 10, 11, 12, 13, 14, 15, 16, 17"
1445,1734603911158,1734603912109,951,null,"1, 3, 4, 5, 6, 7, 8, 9, 10, 11, 12, 13, 14, 15, 16, 17"
1446,1734603911164,1734603912311,1147,null,"1, 3, 4, 5, 6, 7, 8, 9, 10, 11, 12, 13, 14, 15, 16, 17"
1447,1734603911221,1734603912180,959,null,"1, 3, 4, 5, 6, 7, 8, 9, 10, 11, 12, 13, 14, 15, 16, 17"
1448,1734603911222,1734603912548,1326,null,"1, 3, 4, 5, 6, 7, 8, 9, 10, 11, 12, 13, 14, 15, 16, 17"
1449,1734603911345,1734603912547,1202,null,"1, 3, 4, 5, 6, 7, 8, 9, 10, 11, 12, 13, 14, 15, 16, 17"
1450,1734603911347,1734603912547,1200,null,"1, 3, 4, 5, 6, 7, 8, 9, 10, 11, 12, 13, 14, 15, 16, 17"
1451,1734603911348,1734603912548,1200,null,"1, 3, 4, 5, 6, 7, 8, 9, 10, 11, 12, 13, 14, 15, 16, 17"
1452,1734603911388,1734603912549,1161,null,"1, 3, 4, 5, 6, 7, 8, 9, 10, 11, 12, 13, 14, 15, 16, 17"
1453,1734603911393,1734603912548,1155,null,"1, 3, 4, 5, 6, 7, 8, 9, 10, 11, 12, 13, 14, 15, 16, 17"
1454,1734603911394,1734603912573,1179,null,"1, 3, 4, 5, 6, 7, 8, 9, 10, 11, 12, 13, 14, 15, 16, 17"
1455,1734603911443,1734603912549,1106,null,"1, 3, 4, 5, 6, 7, 8, 9, 10, 11, 12, 13, 14, 15, 16, 17"
1456,1734603911444,1734603912548,1104,null,"1, 3, 4, 5, 6, 7, 8, 9, 10, 11, 12, 13, 14, 15, 16, 17"
1457,1734603911445,1734603912548,1103,null,"1, 3, 4, 5, 6, 7, 8, 9, 10, 11, 12, 13, 14, 15, 16, 17"
1458,1734603911503,1734603912549,1046,null,"1, 3, 4, 5, 6, 7, 8, 9, 10, 11, 12, 13, 14, 15, 16, 17"
1459,1734603911508,1734603912667,1159,null,"1, 3, 4, 5, 6, 7, 8, 9, 10, 11, 12, 13, 14, 15, 16, 17"
1460,1734603911510,1734603912548,1038,null,"1, 3, 4, 5, 6, 7, 8, 9, 10, 11, 12, 13, 14, 15, 16, 17"
1461,1734603911604,1734603912547,943,null,"1, 3, 4, 5, 6, 7, 8, 9, 10, 11, 12, 13, 14, 15, 16, 17"
1462,1734603911606,1734603912548,942,null,"1, 3, 4, 5, 6, 7, 8, 9, 10, 11, 12, 13, 14, 15, 16, 17"
1463,1734603911726,1734603912581,855,null,"1, 3, 4, 5, 6, 7, 8, 9, 10, 11, 12, 13, 14, 15, 16, 17"
1464,1734603911727,1734603912548,821,null,"1, 3, 4, 5, 6, 7, 8, 9, 10, 11, 12, 13, 14, 15, 16, 17"
1465,1734603911729,1734603912784,1055,null,"1, 3, 4, 5, 6, 7, 8, 9, 10, 11, 12, 13, 14, 15, 16, 17"
1466,1734603911730,1734603912949,1219,null,"1, 3, 4, 5, 6, 7, 8, 9, 10, 11, 12, 13, 14, 15, 16, 17"
1467,1734603911785,1734603912549,764,null,"1, 3, 4, 5, 6, 7, 8, 9, 10, 11, 12, 13, 14, 15, 16, 17"
1468,1734603911815,1734603912777,962,null,"1, 3, 4, 5, 6, 7, 8, 9, 10, 11, 12, 13, 14, 15, 16, 17"
1469,1734603911823,1734603912969,1146,null,"1, 3, 4, 5, 6, 7, 8, 9, 10, 11, 12, 13, 14, 15, 16, 17"
1470,1734603911879,1734603912701,822,null,"1, 3, 4, 5, 6, 7, 8, 9, 10, 11, 12, 13, 14, 15, 16, 17"
1471,1734603911880,1734603913074,1194,null,"1, 3, 4, 5, 6, 7, 8, 9, 10, 11, 12, 13, 14, 15, 16, 17"
1472,1734603911882,1734603913074,1192,null,"1, 3, 4, 5, 6, 7, 8, 9, 10, 11, 12, 13, 14, 15, 16, 17"
1473,1734603911935,1734603913404,1469,null,"1, 3, 4, 5, 6, 7, 8, 9, 10, 11, 12, 13, 14, 15, 16, 17"
1474,1734603911936,1734603913284,1348,null,"1, 3, 4, 5, 6, 7, 8, 9, 10, 11, 12, 13, 14, 15, 16, 17"
1475,1734603911994,1734603913404,1410,null,"1, 3, 4, 5, 6, 7, 8, 9, 10, 11, 12, 13, 14, 15, 16, 17"
1476,1734603911995,1734603913175,1180,null,"1, 3, 4, 5, 6, 7, 8, 9, 10, 11, 12, 13, 14, 15, 16, 17"
1477,1734603911996,1734603913074,1078,null,"1, 3, 4, 5, 6, 7, 8, 9, 10, 11, 12, 13, 14, 15, 16, 17"
1478,1734603912071,1734603913284,1213,null,"1, 3, 4, 5, 6, 7, 8, 9, 10, 11, 12, 13, 14, 15, 16, 17"
1479,1734603912076,1734603913501,1425,null,"1, 3, 4, 5, 6, 7, 8, 9, 10, 11, 12, 13, 14, 15, 16, 17"
1480,1734603912140,1734603913613,1473,null,"1, 3, 4, 5, 6, 7, 8, 9, 10, 11, 12, 13, 14, 15, 16, 17"
1481,1734603912149,1734603913074,925,null,"1, 3, 4, 5, 6, 7, 8, 9, 10, 11, 12, 13, 14, 15, 16, 17"
1482,1734603912150,1734603913075,925,null,"1, 3, 4, 5, 6, 7, 8, 9, 10, 11, 12, 13, 14, 15, 16, 17"
1483,1734603912234,1734603913285,1051,null,"1, 3, 4, 5, 6, 7, 8, 9, 10, 11, 12, 13, 14, 15, 16, 17"
1484,1734603912236,1734603913284,1048,null,"1, 3, 4, 5, 6, 7, 8, 9, 10, 11, 12, 13, 14, 15, 16, 17"
1485,1734603912237,1734603913501,1264,null,"1, 3, 4, 5, 6, 7, 8, 9, 10, 11, 12, 13, 14, 15, 16, 17"
1486,1734603912238,1734603913807,1569,null,"1, 3, 4, 5, 6, 7, 8, 9, 10, 11, 12, 13, 14, 15, 16, 17"
1487,1734603912240,1734603913807,1567,null,"1, 3, 4, 5, 6, 7, 8, 9, 10, 11, 12, 13, 14, 15, 16, 17"
1488,1734603912241,1734603913148,907,null,"1, 3, 4, 5, 6, 7, 8, 9, 10, 11, 12, 13, 14, 15, 16, 17"
1489,1734603912242,1734603913634,1392,null,"1, 3, 4, 5, 6, 7, 8, 9, 10, 11, 12, 13, 14, 15, 16, 17"
1490,1734603912244,1734603913251,1007,null,"1, 3, 4, 5, 6, 7, 8, 9, 10, 11, 12, 13, 14, 15, 16, 17"
1491,1734603912245,1734603913404,1159,null,"1, 3, 4, 5, 6, 7, 8, 9, 10, 11, 12, 13, 14, 15, 16, 17"
1492,1734603912246,1734603913284,1038,null,"1, 3, 4, 5, 6, 7, 8, 9, 10, 11, 12, 13, 14, 15, 16, 17"
1493,1734603912248,1734603913817,1569,null,"1, 3, 4, 5, 6, 7, 8, 9, 10, 11, 12, 13, 14, 15, 16, 17"
1494,1734603912249,1734603913501,1252,null,"1, 3, 4, 5, 6, 7, 8, 9, 10, 11, 12, 13, 14, 15, 16, 17"
1495,1734603912250,1734603913284,1034,null,"1, 3, 4, 5, 6, 7, 8, 9, 10, 11, 12, 13, 14, 15, 16, 17"
1496,1734603912252,1734603913718,1466,null,"1, 3, 4, 5, 6, 7, 8, 9, 10, 11, 12, 13, 14, 15, 16, 17"
1497,1734603912253,1734603913501,1248,null,"1, 3, 4, 5, 6, 7, 8, 9, 10, 11, 12, 13, 14, 15, 16, 17"
1498,1734603912286,1734603913285,999,null,"1, 3, 4, 5, 6, 7, 8, 9, 10, 11, 12, 13, 14, 15, 16, 17"
1499,1734603912287,1734603913431,1144,null,"1, 3, 4, 5, 6, 7, 8, 9, 10, 11, 12, 13, 14, 15, 16, 17"
1500,1734603912389,1734603913612,1223,null,"1, 3, 4, 5, 6, 7, 8, 9, 10, 11, 12, 13, 14, 15, 16, 17"
1501,1734603912426,1734603913807,1381,null,"1, 3, 4, 5, 6, 7, 8, 9, 10, 11, 12, 13, 14, 15, 16, 17"
1502,1734603912441,1734603913672,1231,null,"1, 3, 4, 5, 6, 7, 8, 9, 10, 11, 12, 13, 14, 15, 16, 17"
1503,1734603912533,1734603914055,1522,null,"1, 3, 4, 5, 6, 7, 8, 9, 10, 11, 12, 13, 14, 15, 16, 17"
1504,1734603912620,1734603914399,1779,null,"1, 3, 4, 5, 6, 7, 8, 9, 10, 11, 12, 13, 14, 15, 16, 17"
1505,1734603912621,1734603913957,1336,null,"1, 3, 4, 5, 6, 7, 8, 9, 10, 11, 12, 13, 14, 15, 16, 17"
1506,1734603912623,1734603913956,1333,null,"1, 3, 4, 5, 6, 7, 8, 9, 10, 11, 12, 13, 14, 15, 16, 17"
1507,1734603912737,1734603914056,1319,null,"1, 3, 4, 5, 6, 7, 8, 9, 10, 11, 12, 13, 14, 15, 16, 17"
1508,1734603912738,1734603914056,1318,null,"1, 3, 4, 5, 6, 7, 8, 9, 10, 11, 12, 13, 14, 15, 16, 17"
1509,1734603912740,1734603914250,1510,null,"1, 3, 4, 5, 6, 7, 8, 9, 10, 11, 12, 13, 14, 15, 16, 17"
1510,1734603912811,1734603914056,1245,null,"1, 3, 4, 5, 6, 7, 8, 9, 10, 11, 12, 13, 14, 15, 16, 17"
1511,1734603912812,1734603914055,1243,null,"1, 3, 4, 5, 6, 7, 8, 9, 10, 11, 12, 13, 14, 15, 16, 17"
1512,1734603912895,1734603913899,1004,null,"1, 3, 4, 5, 6, 7, 8, 9, 10, 11, 12, 13, 14, 15, 16, 17"
1513,1734603912896,1734603913849,953,null,"1, 3, 4, 5, 6, 7, 8, 9, 10, 11, 12, 13, 14, 15, 16, 17"
1514,1734603912898,1734603914399,1501,null,"1, 3, 4, 5, 6, 7, 8, 9, 10, 11, 12, 13, 14, 15, 16, 17"
1515,1734603912959,1734603914458,1499,null,"1, 3, 4, 5, 6, 7, 8, 9, 10, 11, 12, 13, 14, 15, 16, 17"
1516,1734603912960,1734603914055,1095,null,"1, 3, 4, 5, 6, 7, 8, 9, 10, 11, 12, 13, 14, 15, 16, 17"
1517,1734603912962,1734603914147,1185,null,"1, 3, 4, 5, 6, 7, 8, 9, 10, 11, 12, 13, 14, 15, 16, 17"
1518,1734603913021,1734603914278,1257,null,"1, 3, 4, 5, 6, 7, 8, 9, 10, 11, 12, 13, 14, 15, 16, 17"
1519,1734603913022,1734603914524,1502,null,"1, 3, 4, 5, 6, 7, 8, 9, 10, 11, 12, 13, 14, 15, 16, 17"
1520,1734603913079,1734603914278,1199,null,"1, 3, 4, 5, 6, 7, 8, 9, 10, 11, 12, 13, 14, 15, 16, 17"
1521,1734603913080,1734603914236,1156,null,"1, 3, 4, 5, 6, 7, 8, 9, 10, 11, 12, 13, 14, 15, 16, 17"
1522,1734603913081,1734603914399,1318,null,"1, 3, 4, 5, 6, 7, 8, 9, 10, 11, 12, 13, 14, 15, 16, 17"
1523,1734603913090,1734603914531,1441,null,"1, 3, 4, 5, 6, 7, 8, 9, 10, 11, 12, 13, 14, 15, 16, 17"
1524,1734603913166,1734603914683,1517,null,"1, 3, 4, 5, 6, 7, 8, 9, 10, 11, 12, 13, 14, 15, 16, 17"
1525,1734603913167,1734603914399,1232,null,"1, 3, 4, 5, 6, 7, 8, 9, 10, 11, 12, 13, 14, 15, 16, 17"
1526,1734603913169,1734603914524,1355,null,"1, 3, 4, 5, 6, 7, 8, 9, 10, 11, 12, 13, 14, 15, 16, 17"
1527,1734603913266,1734603914565,1299,null,"1, 3, 4, 5, 6, 7, 8, 9, 10, 11, 12, 13, 14, 15, 16, 17"
1528,1734603913267,1734603914399,1132,null,"1, 3, 4, 5, 6, 7, 8, 9, 10, 11, 12, 13, 14, 15, 16, 17"
1529,1734603913273,1734603914399,1126,null,"1, 3, 4, 5, 6, 7, 8, 9, 10, 11, 12, 13, 14, 15, 16, 17"
1530,1734603913281,1734603914468,1187,null,"1, 3, 4, 5, 6, 7, 8, 9, 10, 11, 12, 13, 14, 15, 16, 17"
1531,1734603913325,1734603914236,911,null,"1, 3, 4, 5, 6, 7, 8, 9, 10, 11, 12, 13, 14, 15, 16, 17"
1532,1734603913333,1734603914524,1191,null,"1, 3, 4, 5, 6, 7, 8, 9, 10, 11, 12, 13, 14, 15, 16, 17"
1533,1734603913396,1734603915075,1679,null,"1, 3, 4, 5, 6, 7, 8, 9, 10, 11, 12, 13, 14, 15, 16, 17"
1534,1734603913455,1734603914399,944,null,"1, 3, 4, 5, 6, 7, 8, 9, 10, 11, 12, 13, 14, 15, 16, 17"
1535,1734603913456,1734603914683,1227,null,"1, 3, 4, 5, 6, 7, 8, 9, 10, 11, 12, 13, 14, 15, 16, 17"
1536,1734603913554,1734603914684,1130,null,"1, 3, 4, 5, 6, 7, 8, 9, 10, 11, 12, 13, 14, 15, 16, 17"
1537,1734603913555,1734603914856,1301,null,"1, 3, 4, 5, 6, 7, 8, 9, 10, 11, 12, 13, 14, 15, 16, 17"
1538,1734603913607,1734603914880,1273,null,"1, 3, 4, 5, 6, 7, 8, 9, 10, 11, 12, 13, 14, 15, 16, 17"
1539,1734603913609,1734603914990,1381,null,"1, 3, 4, 5, 6, 7, 8, 9, 10, 11, 12, 13, 14, 15, 16, 17"
1540,1734603913610,1734603914565,955,null,"1, 3, 4, 5, 6, 7, 8, 9, 10, 11, 12, 13, 14, 15, 16, 17"
1541,1734603913611,1734603914525,914,null,"1, 3, 4, 5, 6, 7, 8, 9, 10, 11, 12, 13, 14, 15, 16, 17"
1542,1734603913613,1734603914684,1071,null,"1, 3, 4, 5, 6, 7, 8, 9, 10, 11, 12, 13, 14, 15, 16, 17"
1543,1734603913614,1734603914866,1252,null,"1, 3, 4, 5, 6, 7, 8, 9, 10, 11, 12, 13, 14, 15, 16, 17"
1544,1734603913615,1734603914808,1193,null,"1, 3, 4, 5, 6, 7, 8, 9, 10, 11, 12, 13, 14, 15, 16, 17"
1545,1734603913624,1734603914755,1131,null,"1, 3, 4, 5, 6, 7, 8, 9, 10, 11, 12, 13, 14, 15, 16, 17"
1546,1734603913682,1734603914683,1001,null,"1, 3, 4, 5, 6, 7, 8, 9, 10, 11, 12, 13, 14, 15, 16, 17"
1547,1734603913683,1734603914989,1306,null,"1, 3, 4, 5, 6, 7, 8, 9, 10, 11, 12, 13, 14, 15, 16, 17"
1548,1734603913684,1734603914918,1234,null,"1, 3, 4, 5, 6, 7, 8, 9, 10, 11, 12, 13, 14, 15, 16, 17"
1549,1734603913810,1734603915343,1533,null,"1, 3, 4, 5, 6, 7, 8, 9, 10, 11, 12, 13, 14, 15, 16, 17"
1550,1734603913819,1734603915191,1372,null,"1, 3, 4, 5, 6, 7, 8, 9, 10, 11, 12, 13, 14, 15, 16, 17"
1551,1734603913900,1734603914918,1018,null,"1, 3, 4, 5, 6, 7, 8, 9, 10, 11, 12, 13, 14, 15, 16, 17"
1552,1734603913909,1734603915191,1282,null,"1, 3, 4, 5, 6, 7, 8, 9, 10, 11, 12, 13, 14, 15, 16, 17"
1553,1734603913910,1734603914989,1079,null,"1, 3, 4, 5, 6, 7, 8, 9, 10, 11, 12, 13, 14, 15, 16, 17"
1554,1734603913968,1734603915073,1105,null,"1, 3, 4, 5, 6, 7, 8, 9, 10, 11, 12, 13, 14, 15, 16, 17"
1555,1734603914013,1734603915154,1141,null,"1, 3, 4, 5, 6, 7, 8, 9, 10, 11, 12, 13, 14, 15, 16, 17"
1556,1734603914015,1734603915178,1163,null,"1, 3, 4, 5, 6, 7, 8, 9, 10, 11, 12, 13, 14, 15, 16, 17"
1557,1734603914053,1734603914755,702,null,"1, 3, 4, 5, 6, 7, 8, 9, 10, 11, 12, 13, 14, 15, 16, 17"
1558,1734603914063,1734603915157,1094,null,"1, 3, 4, 5, 6, 7, 8, 9, 10, 11, 12, 13, 14, 15, 16, 17"
1559,1734603914064,1734603915269,1205,null,"1, 3, 4, 5, 6, 7, 8, 9, 10, 11, 12, 13, 14, 15, 16, 17"
1560,1734603914141,1734603915191,1050,null,"1, 3, 4, 5, 6, 7, 8, 9, 10, 11, 12, 13, 14, 15, 16, 17"
1561,1734603914142,1734603915269,1127,null,"1, 3, 4, 5, 6, 7, 8, 9, 10, 11, 12, 13, 14, 15, 16, 17"
1562,1734603914144,1734603915343,1199,null,"1, 3, 4, 5, 6, 7, 8, 9, 10, 11, 12, 13, 14, 15, 16, 17"
1563,1734603914237,1734603915386,1149,null,"1, 3, 4, 5, 6, 7, 8, 9, 10, 11, 12, 13, 14, 15, 16, 17"
1564,1734603914238,1734603915386,1148,null,"1, 3, 4, 5, 6, 7, 8, 9, 10, 11, 12, 13, 14, 15, 16, 17"
1565,1734603914312,1734603915567,1255,null,"1, 3, 4, 5, 6, 7, 8, 9, 10, 11, 12, 13, 14, 15, 16, 17"
1566,1734603914382,1734603915568,1186,null,"1, 3, 4, 5, 6, 7, 8, 9, 10, 11, 12, 13, 14, 15, 16, 17"
1567,1734603914446,1734603915702,1256,null,"1, 3, 4, 5, 6, 7, 8, 9, 10, 11, 12, 13, 14, 15, 16, 17"
1568,1734603914457,1734603915647,1190,null,"1, 3, 4, 5, 6, 7, 8, 9, 10, 11, 12, 13, 14, 15, 16, 17"
1569,1734603914458,1734603915567,1109,null,"1, 3, 4, 5, 6, 7, 8, 9, 10, 11, 12, 13, 14, 15, 16, 17"
1570,1734603914560,1734603915568,1008,null,"1, 3, 4, 5, 6, 7, 8, 9, 10, 11, 12, 13, 14, 15, 16, 17"
1571,1734603914561,1734603916107,1546,null,"1, 3, 4, 5, 6, 7, 8, 9, 10, 11, 12, 13, 14, 15, 16, 17"
1572,1734603914663,1734603915633,970,null,"1, 3, 4, 5, 6, 7, 8, 9, 10, 11, 12, 13, 14, 15, 16, 17"
1573,1734603914685,1734603915798,1113,null,"1, 3, 4, 5, 6, 7, 8, 9, 10, 11, 12, 13, 14, 15, 16, 17"
1574,1734603914687,1734603915729,1042,null,"1, 3, 4, 5, 6, 7, 8, 9, 10, 11, 12, 13, 14, 15, 16, 17"
1575,1734603914758,1734603915567,809,null,"1, 3, 4, 5, 6, 7, 8, 9, 10, 11, 12, 13, 14, 15, 16, 17"
1576,1734603914798,1734603915933,1135,null,"1, 3, 4, 5, 6, 7, 8, 9, 10, 11, 12, 13, 14, 15, 16, 17"
1577,1734603914799,1734603915927,1128,null,"1, 3, 4, 5, 6, 7, 8, 9, 10, 11, 12, 13, 14, 15, 16, 17"
1578,1734603914800,1734603915948,1148,null,"1, 3, 4, 5, 6, 7, 8, 9, 10, 11, 12, 13, 14, 15, 16, 17"
1579,1734603914879,1734603915927,1048,null,"1, 3, 4, 5, 6, 7, 8, 9, 10, 11, 12, 13, 14, 15, 16, 17"
1580,1734603914907,1734603915927,1020,null,"1, 3, 4, 5, 6, 7, 8, 9, 10, 11, 12, 13, 14, 15, 16, 17"
1581,1734603914909,1734603916183,1274,null,"1, 3, 4, 5, 6, 7, 8, 9, 10, 11, 12, 13, 14, 15, 16, 17"
1582,1734603914950,1734603916018,1068,null,"1, 3, 4, 5, 6, 7, 8, 9, 10, 11, 12, 13, 14, 15, 16, 17"
1583,1734603914951,1734603915933,982,null,"1, 3, 4, 5, 6, 7, 8, 9, 10, 11, 12, 13, 14, 15, 16, 17"
1584,1734603914953,1734603916107,1154,null,"1, 3, 4, 5, 6, 7, 8, 9, 10, 11, 12, 13, 14, 15, 16, 17"
1585,1734603915035,1734603915747,712,null,"1, 3, 4, 5, 6, 7, 8, 9, 10, 11, 12, 13, 14, 15, 16, 17"
1586,1734603915037,1734603915991,954,null,"1, 3, 4, 5, 6, 7, 8, 9, 10, 11, 12, 13, 14, 15, 16, 17"
1587,1734603915117,1734603915927,810,null,"1, 3, 4, 5, 6, 7, 8, 9, 10, 11, 12, 13, 14, 15, 16, 17"
1588,1734603915141,1734603915927,786,null,"1, 3, 4, 5, 6, 7, 8, 9, 10, 11, 12, 13, 14, 15, 16, 17"
1589,1734603915178,1734603916373,1195,null,"1, 3, 4, 5, 6, 7, 8, 9, 10, 11, 12, 13, 14, 15, 16, 17"
1590,1734603915274,1734603916425,1151,null,"1, 3, 4, 5, 6, 7, 8, 9, 10, 11, 12, 13, 14, 15, 16, 17"
1591,1734603915285,1734603916225,940,null,"1, 3, 4, 5, 6, 7, 8, 9, 10, 11, 12, 13, 14, 15, 16, 17"
1592,1734603915286,1734603916183,897,null,"1, 3, 4, 5, 6, 7, 8, 9, 10, 11, 12, 13, 14, 15, 16, 17"
1593,1734603915358,1734603916300,942,null,"1, 3, 4, 5, 6, 7, 8, 9, 10, 11, 12, 13, 14, 15, 16, 17"
1594,1734603915359,1734603916300,941,null,"1, 3, 4, 5, 6, 7, 8, 9, 10, 11, 12, 13, 14, 15, 16, 17"
1595,1734603915360,1734603916374,1014,null,"1, 3, 4, 5, 6, 7, 8, 9, 10, 11, 12, 13, 14, 15, 16, 17"
1596,1734603915397,1734603916373,976,null,"1, 3, 4, 5, 6, 7, 8, 9, 10, 11, 12, 13, 14, 15, 16, 17"
1597,1734603915399,1734603916519,1120,null,"1, 3, 4, 5, 6, 7, 8, 9, 10, 11, 12, 13, 14, 15, 16, 17"
1598,1734603915400,1734603916373,973,null,"1, 3, 4, 5, 6, 7, 8, 9, 10, 11, 12, 13, 14, 15, 16, 17"
1599,1734603915451,1734603916519,1068,null,"1, 3, 4, 5, 6, 7, 8, 9, 10, 11, 12, 13, 14, 15, 16, 17"
1600,1734603915453,1734603916183,730,null,"1, 3, 4, 5, 6, 7, 8, 9, 10, 11, 12, 13, 14, 15, 16, 17"
1601,1734603915454,1734603916425,971,null,"1, 3, 4, 5, 6, 7, 8, 9, 10, 11, 12, 13, 14, 15, 16, 17"
1602,1734603915515,1734603916522,1007,null,"1, 3, 4, 5, 6, 7, 8, 9, 10, 11, 12, 13, 14, 15, 16, 17"
1603,1734603915517,1734603916373,856,null,"1, 3, 4, 5, 6, 7, 8, 9, 10, 11, 12, 13, 14, 15, 16, 17"
1604,1734603915518,1734603916521,1003,null,"1, 3, 4, 5, 6, 7, 8, 9, 10, 11, 12, 13, 14, 15, 16, 17"
1605,1734603915565,1734603916519,954,null,"1, 3, 4, 5, 6, 7, 8, 9, 10, 11, 12, 13, 14, 15, 16, 17"
1606,1734603915569,1734603916671,1102,null,"1, 3, 4, 5, 6, 7, 8, 9, 10, 11, 12, 13, 14, 15, 16, 17"
1607,1734603915659,1734603916817,1158,null,"1, 3, 4, 5, 6, 7, 8, 9, 10, 11, 12, 13, 14, 15, 16, 17"
1608,1734603915667,1734603916948,1281,null,"1, 3, 4, 5, 6, 7, 8, 9, 10, 11, 12, 13, 14, 15, 16, 17"
1609,1734603915712,1734603916816,1104,null,"1, 3, 4, 5, 6, 7, 8, 9, 10, 11, 12, 13, 14, 15, 16, 17"
1610,1734603915718,1734603916752,1034,null,"1, 3, 4, 5, 6, 7, 8, 9, 10, 11, 12, 13, 14, 15, 16, 17"
1611,1734603915728,1734603916756,1028,null,"1, 3, 4, 5, 6, 7, 8, 9, 10, 11, 12, 13, 14, 15, 16, 17"
1612,1734603915766,1734603917088,1322,null,"1, 3, 4, 5, 6, 7, 8, 9, 10, 11, 12, 13, 14, 15, 16, 17"
1613,1734603915767,1734603916757,990,null,"1, 3, 4, 5, 6, 7, 8, 9, 10, 11, 12, 13, 14, 15, 16, 17"
1614,1734603915822,1734603916756,934,null,"1, 3, 4, 5, 6, 7, 8, 9, 10, 11, 12, 13, 14, 15, 16, 17"
1615,1734603915824,1734603916663,839,null,"1, 3, 4, 5, 6, 7, 8, 9, 10, 11, 12, 13, 14, 15, 16, 17"
1616,1734603915881,1734603916757,876,null,"1, 3, 4, 5, 6, 7, 8, 9, 10, 11, 12, 13, 14, 15, 16, 17"
1617,1734603915913,1734603916872,959,null,"1, 3, 4, 5, 6, 7, 8, 9, 10, 11, 12, 13, 14, 15, 16, 17"
1618,1734603915953,1734603917102,1149,null,"1, 3, 4, 5, 6, 7, 8, 9, 10, 11, 12, 13, 14, 15, 16, 17"
1619,1734603915954,1734603917106,1152,null,"1, 3, 4, 5, 6, 7, 8, 9, 10, 11, 12, 13, 14, 15, 16, 17"
1620,1734603916062,1734603917234,1172,null,"1, 3, 4, 5, 6, 7, 8, 9, 10, 11, 12, 13, 14, 15, 16, 17"
1621,1734603916064,1734603917103,1039,null,"1, 3, 4, 5, 6, 7, 8, 9, 10, 11, 12, 13, 14, 15, 16, 17"
1622,1734603916126,1734603916756,630,null,"1, 3, 4, 5, 6, 7, 8, 9, 10, 11, 12, 13, 14, 15, 16, 17"
1623,1734603916127,1734603917365,1238,null,"1, 3, 4, 5, 6, 7, 8, 9, 10, 11, 12, 13, 14, 15, 16, 17"
1624,1734603916140,1734603917308,1168,null,"1, 3, 4, 5, 6, 7, 8, 9, 10, 11, 12, 13, 14, 15, 16, 17"
1625,1734603916142,1734603917083,941,null,"1, 3, 4, 5, 6, 7, 8, 9, 10, 11, 12, 13, 14, 15, 16, 17"
1626,1734603916197,1734603917088,891,null,"1, 3, 4, 5, 6, 7, 8, 9, 10, 11, 12, 13, 14, 15, 16, 17"
1627,1734603916198,1734603917110,912,null,"1, 3, 4, 5, 6, 7, 8, 9, 10, 11, 12, 13, 14, 15, 16, 17"
1628,1734603916200,1734603917234,1034,null,"1, 3, 4, 5, 6, 7, 8, 9, 10, 11, 12, 13, 14, 15, 16, 17"
1629,1734603916281,1734603917291,1010,null,"1, 3, 4, 5, 6, 7, 8, 9, 10, 11, 12, 13, 14, 15, 16, 17"
1630,1734603916283,1734603917221,938,null,"1, 3, 4, 5, 6, 7, 8, 9, 10, 11, 12, 13, 14, 15, 16, 17"
1631,1734603916284,1734603917375,1091,null,"1, 3, 4, 5, 6, 7, 8, 9, 10, 11, 12, 13, 14, 15, 16, 17"
1632,1734603916358,1734603917493,1135,null,"1, 3, 4, 5, 6, 7, 8, 9, 10, 11, 12, 13, 14, 15, 16, 17"
1633,1734603916371,1734603917387,1016,null,"1, 3, 4, 5, 6, 7, 8, 9, 10, 11, 12, 13, 14, 15, 16, 17"
1634,1734603916414,1734603917493,1079,null,"1, 3, 4, 5, 6, 7, 8, 9, 10, 11, 12, 13, 14, 15, 16, 17"
1635,1734603916415,1734603917234,819,null,"1, 3, 4, 5, 6, 7, 8, 9, 10, 11, 12, 13, 14, 15, 16, 17"
1636,1734603916503,1734603917670,1167,null,"1, 3, 4, 5, 6, 7, 8, 9, 10, 11, 12, 13, 14, 15, 16, 17"
1637,1734603916520,1734603917493,973,null,"1, 3, 4, 5, 6, 7, 8, 9, 10, 11, 12, 13, 14, 15, 16, 17"
1638,1734603916540,1734603917493,953,null,"1, 3, 4, 5, 6, 7, 8, 9, 10, 11, 12, 13, 14, 15, 16, 17"
1639,1734603916541,1734603917643,1102,null,"1, 3, 4, 5, 6, 7, 8, 9, 10, 11, 12, 13, 14, 15, 16, 17"
1640,1734603916542,1734603917580,1038,null,"1, 3, 4, 5, 6, 7, 8, 9, 10, 11, 12, 13, 14, 15, 16, 17"
1641,1734603916586,1734603917643,1057,null,"1, 3, 4, 5, 6, 7, 8, 9, 10, 11, 12, 13, 14, 15, 16, 17"
1642,1734603916587,1734603917851,1264,null,"1, 3, 4, 5, 6, 7, 8, 9, 10, 11, 12, 13, 14, 15, 16, 17"
1643,1734603916624,1734603917656,1032,null,"1, 3, 4, 5, 6, 7, 8, 9, 10, 11, 12, 13, 14, 15, 16, 17"
1644,1734603916632,1734603917575,943,null,"1, 3, 4, 5, 6, 7, 8, 9, 10, 11, 12, 13, 14, 15, 16, 17"
1645,1734603916637,1734603917689,1052,null,"1, 3, 4, 5, 6, 7, 8, 9, 10, 11, 12, 13, 14, 15, 16, 17"
1646,1734603916644,1734603917805,1161,null,"1, 3, 4, 5, 6, 7, 8, 9, 10, 11, 12, 13, 14, 15, 16, 17"
1647,1734603916710,1734603917691,981,null,"1, 3, 4, 5, 6, 7, 8, 9, 10, 11, 12, 13, 14, 15, 16, 17"
1648,1734603916768,1734603918028,1260,null,"1, 3, 4, 5, 6, 7, 8, 9, 10, 11, 12, 13, 14, 15, 16, 17"
1649,1734603916770,1734603918028,1258,null,"1, 3, 4, 5, 6, 7, 8, 9, 10, 11, 12, 13, 14, 15, 16, 17"
1650,1734603916771,1734603917930,1159,null,"1, 3, 4, 5, 6, 7, 8, 9, 10, 11, 12, 13, 14, 15, 16, 17"
1651,1734603916825,1734603918178,1353,null,"1, 3, 4, 5, 6, 7, 8, 9, 10, 11, 12, 13, 14, 15, 16, 17"
1652,1734603916827,1734603917805,978,null,"1, 3, 4, 5, 6, 7, 8, 9, 10, 11, 12, 13, 14, 15, 16, 17"
1653,1734603916890,1734603917707,817,null,"1, 3, 4, 5, 6, 7, 8, 9, 10, 11, 12, 13, 14, 15, 16, 17"
1654,1734603916891,1734603917556,665,null,"1, 3, 4, 5, 6, 7, 8, 9, 10, 11, 12, 13, 14, 15, 16, 17"
1655,1734603916893,1734603918049,1156,null,"1, 3, 4, 5, 6, 7, 8, 9, 10, 11, 12, 13, 14, 15, 16, 17"
1656,1734603916943,1734603917930,987,null,"1, 3, 4, 5, 6, 7, 8, 9, 10, 11, 12, 13, 14, 15, 16, 17"
1657,1734603916945,1734603918028,1083,null,"1, 3, 4, 5, 6, 7, 8, 9, 10, 11, 12, 13, 14, 15, 16, 17"
1658,1734603917014,1734603918059,1045,null,"1, 3, 4, 5, 6, 7, 8, 9, 10, 11, 12, 13, 14, 15, 16, 17"
1659,1734603917024,1734603917930,906,null,"1, 3, 4, 5, 6, 7, 8, 9, 10, 11, 12, 13, 14, 15, 16, 17"
1660,1734603917098,1734603918178,1080,null,"1, 3, 4, 5, 6, 7, 8, 9, 10, 11, 12, 13, 14, 15, 16, 17"
1661,1734603917107,1734603918303,1196,null,"1, 3, 4, 5, 6, 7, 8, 9, 10, 11, 12, 13, 14, 15, 16, 17"
1662,1734603917108,1734603918165,1057,null,"1, 3, 4, 5, 6, 7, 8, 9, 10, 11, 12, 13, 14, 15, 16, 17"
1663,1734603917142,1734603918129,987,null,"1, 3, 4, 5, 6, 7, 8, 9, 10, 11, 12, 13, 14, 15, 16, 17"
1664,1734603917143,1734603918314,1171,null,"1, 3, 4, 5, 6, 7, 8, 9, 10, 11, 12, 13, 14, 15, 16, 17"
1665,1734603917201,1734603917936,735,null,"1, 3, 4, 5, 6, 7, 8, 9, 10, 11, 12, 13, 14, 15, 16, 17"
1666,1734603917264,1734603918426,1162,null,"1, 3, 4, 5, 6, 7, 8, 9, 10, 11, 12, 13, 14, 15, 16, 17"
1667,1734603917265,1734603918247,982,null,"1, 3, 4, 5, 6, 7, 8, 9, 10, 11, 12, 13, 14, 15, 16, 17"
1668,1734603917267,1734603918231,964,null,"1, 3, 4, 5, 6, 7, 8, 9, 10, 11, 12, 13, 14, 15, 16, 17"
1669,1734603917347,1734603918518,1171,null,"1, 3, 4, 5, 6, 7, 8, 9, 10, 11, 12, 13, 14, 15, 16, 17"
1670,1734603917349,1734603918259,910,null,"1, 3, 4, 5, 6, 7, 8, 9, 10, 11, 12, 13, 14, 15, 16, 17"
1671,1734603917400,1734603918755,1355,null,"1, 3, 4, 5, 6, 7, 8, 9, 10, 11, 12, 13, 14, 15, 16, 17"
1672,1734603917456,1734603918300,844,null,"1, 3, 4, 5, 6, 7, 8, 9, 10, 11, 12, 13, 14, 15, 16, 17"
1673,1734603917457,1734603918641,1184,null,"1, 3, 4, 5, 6, 7, 8, 9, 10, 11, 12, 13, 14, 15, 16, 17"
1674,1734603917501,1734603918272,771,null,"1, 3, 4, 5, 6, 7, 8, 9, 10, 11, 12, 13, 14, 15, 16, 17"
1675,1734603917502,1734603918755,1253,null,"1, 3, 4, 5, 6, 7, 8, 9, 10, 11, 12, 13, 14, 15, 16, 17"
1676,1734603917542,1734603918652,1110,null,"1, 3, 4, 5, 6, 7, 8, 9, 10, 11, 12, 13, 14, 15, 16, 17"
1677,1734603917559,1734603918634,1075,null,"1, 3, 4, 5, 6, 7, 8, 9, 10, 11, 12, 13, 14, 15, 16, 17"
1678,1734603917580,1734603918305,725,null,"1, 3, 4, 5, 6, 7, 8, 9, 10, 11, 12, 13, 14, 15, 16, 17"
1679,1734603917582,1734603918755,1173,null,"1, 3, 4, 5, 6, 7, 8, 9, 10, 11, 12, 13, 14, 15, 16, 17"
1680,1734603917667,1734603918656,989,null,"1, 3, 4, 5, 6, 7, 8, 9, 10, 11, 12, 13, 14, 15, 16, 17"
1681,1734603917668,1734603918778,1110,null,"1, 3, 4, 5, 6, 7, 8, 9, 10, 11, 12, 13, 14, 15, 16, 17"
1682,1734603917670,1734603918812,1142,null,"1, 3, 4, 5, 6, 7, 8, 9, 10, 11, 12, 13, 14, 15, 16, 17"
1683,1734603917827,1734603918641,814,null,"1, 3, 4, 5, 6, 7, 8, 9, 10, 11, 12, 13, 14, 15, 16, 17"
1684,1734603917840,1734603918963,1123,null,"1, 3, 4, 5, 6, 7, 8, 9, 10, 11, 12, 13, 14, 15, 16, 17"
1685,1734603917904,1734603919178,1274,null,"1, 3, 4, 5, 6, 7, 8, 9, 10, 11, 12, 13, 14, 15, 16, 17"
1686,1734603917906,1734603919035,1129,null,"1, 3, 4, 5, 6, 7, 8, 9, 10, 11, 12, 13, 14, 15, 16, 17"
1687,1734603917909,1734603919092,1183,null,"1, 3, 4, 5, 6, 7, 8, 9, 10, 11, 12, 13, 14, 15, 16, 17"
1688,1734603917946,1734603919022,1076,null,"1, 3, 4, 5, 6, 7, 8, 9, 10, 11, 12, 13, 14, 15, 16, 17"
1689,1734603917948,1734603919022,1074,null,"1, 3, 4, 5, 6, 7, 8, 9, 10, 11, 12, 13, 14, 15, 16, 17"
1690,1734603917962,1734603919244,1282,null,"1, 3, 4, 5, 6, 7, 8, 9, 10, 11, 12, 13, 14, 15, 16, 17"
1691,1734603918019,1734603919253,1234,null,"1, 3, 4, 5, 6, 7, 8, 9, 10, 11, 12, 13, 14, 15, 16, 17"
1692,1734603918021,1734603919508,1487,null,"1, 3, 4, 5, 6, 7, 8, 9, 10, 11, 12, 13, 14, 15, 16, 17"
1693,1734603918095,1734603919200,1105,null,"1, 3, 4, 5, 6, 7, 8, 9, 10, 11, 12, 13, 14, 15, 16, 17"
1694,1734603918097,1734603919200,1103,null,"1, 3, 4, 5, 6, 7, 8, 9, 10, 11, 12, 13, 14, 15, 16, 17"
1695,1734603918158,1734603919414,1256,null,"1, 3, 4, 5, 6, 7, 8, 9, 10, 11, 12, 13, 14, 15, 16, 17"
1696,1734603918160,1734603919415,1255,null,"1, 3, 4, 5, 6, 7, 8, 9, 10, 11, 12, 13, 14, 15, 16, 17"
1697,1734603918161,1734603919414,1253,null,"1, 3, 4, 5, 6, 7, 8, 9, 10, 11, 12, 13, 14, 15, 16, 17"
1698,1734603918218,1734603919415,1197,null,"1, 3, 4, 5, 6, 7, 8, 9, 10, 11, 12, 13, 14, 15, 16, 17"
1699,1734603918219,1734603919414,1195,null,"1, 3, 4, 5, 6, 7, 8, 9, 10, 11, 12, 13, 14, 15, 16, 17"
1700,1734603918221,1734603919415,1194,null,"1, 3, 4, 5, 6, 7, 8, 9, 10, 11, 12, 13, 14, 15, 16, 17"
1701,1734603918288,1734603919200,912,null,"1, 3, 4, 5, 6, 7, 8, 9, 10, 11, 12, 13, 14, 15, 16, 17"
1702,1734603918290,1734603919478,1188,null,"1, 3, 4, 5, 6, 7, 8, 9, 10, 11, 12, 13, 14, 15, 16, 17"
1703,1734603918295,1734603919415,1120,null,"1, 3, 4, 5, 6, 7, 8, 9, 10, 11, 12, 13, 14, 15, 16, 17"
1704,1734603918296,1734603919529,1233,null,"1, 3, 4, 5, 6, 7, 8, 9, 10, 11, 12, 13, 14, 15, 16, 17"
1705,1734603918302,1734603919178,876,null,"1, 3, 4, 5, 6, 7, 8, 9, 10, 11, 12, 13, 14, 15, 16, 17"
1706,1734603918303,1734603919863,1560,null,"1, 3, 4, 5, 6, 7, 8, 9, 10, 11, 12, 13, 14, 15, 16, 17"
1707,1734603918304,1734603919415,1111,null,"1, 3, 4, 5, 6, 7, 8, 9, 10, 11, 12, 13, 14, 15, 16, 17"
1708,1734603918328,1734603919414,1086,null,"1, 3, 4, 5, 6, 7, 8, 9, 10, 11, 12, 13, 14, 15, 16, 17"
1709,1734603918330,1734603919727,1397,null,"1, 3, 4, 5, 6, 7, 8, 9, 10, 11, 12, 13, 14, 15, 16, 17"
1710,1734603918331,1734603919416,1085,null,"1, 3, 4, 5, 6, 7, 8, 9, 10, 11, 12, 13, 14, 15, 16, 17"
1711,1734603918340,1734603919415,1075,null,"1, 3, 4, 5, 6, 7, 8, 9, 10, 11, 12, 13, 14, 15, 16, 17"
1712,1734603918345,1734603919414,1069,null,"1, 3, 4, 5, 6, 7, 8, 9, 10, 11, 12, 13, 14, 15, 16, 17"
1713,1734603918347,1734603919200,853,null,"1, 3, 4, 5, 6, 7, 8, 9, 10, 11, 12, 13, 14, 15, 16, 17"
1714,1734603918377,1734603919415,1038,null,"1, 3, 4, 5, 6, 7, 8, 9, 10, 11, 12, 13, 14, 15, 16, 17"
1715,1734603918380,1734603919414,1034,null,"1, 3, 4, 5, 6, 7, 8, 9, 10, 11, 12, 13, 14, 15, 16, 17"
1716,1734603918382,1734603919863,1481,null,"1, 3, 4, 5, 6, 7, 8, 9, 10, 11, 12, 13, 14, 15, 16, 17"
1717,1734603918440,1734603919614,1174,null,"1, 3, 4, 5, 6, 7, 8, 9, 10, 11, 12, 13, 14, 15, 16, 17"
1718,1734603918442,1734603919415,973,null,"1, 3, 4, 5, 6, 7, 8, 9, 10, 11, 12, 13, 14, 15, 16, 17"
1719,1734603918521,1734603919414,893,null,"1, 3, 4, 5, 6, 7, 8, 9, 10, 11, 12, 13, 14, 15, 16, 17"
1720,1734603918523,1734603919415,892,null,"1, 3, 4, 5, 6, 7, 8, 9, 10, 11, 12, 13, 14, 15, 16, 17"
1721,1734603918524,1734603919556,1032,null,"1, 3, 4, 5, 6, 7, 8, 9, 10, 11, 12, 13, 14, 15, 16, 17"
1722,1734603918613,1734603919415,802,null,"1, 3, 4, 5, 6, 7, 8, 9, 10, 11, 12, 13, 14, 15, 16, 17"
1723,1734603918614,1734603920081,1467,null,"1, 3, 4, 5, 6, 7, 8, 9, 10, 11, 12, 13, 14, 15, 16, 17"
1724,1734603918616,1734603919439,823,null,"1, 3, 4, 5, 6, 7, 8, 9, 10, 11, 12, 13, 14, 15, 16, 17"
1725,1734603918668,1734603919658,990,null,"1, 3, 4, 5, 6, 7, 8, 9, 10, 11, 12, 13, 14, 15, 16, 17"
1726,1734603918733,1734603919415,682,null,"1, 3, 4, 5, 6, 7, 8, 9, 10, 11, 12, 13, 14, 15, 16, 17"
1727,1734603918735,1734603919863,1128,null,"1, 3, 4, 5, 6, 7, 8, 9, 10, 11, 12, 13, 14, 15, 16, 17"
1728,1734603918816,1734603919638,822,null,"1, 3, 4, 5, 6, 7, 8, 9, 10, 11, 12, 13, 14, 15, 16, 17"
1729,1734603918818,1734603919416,598,null,"1, 3, 4, 5, 6, 7, 8, 9, 10, 11, 12, 13, 14, 15, 16, 17"
1730,1734603918870,1734603919863,993,null,"1, 3, 4, 5, 6, 7, 8, 9, 10, 11, 12, 13, 14, 15, 16, 17"
1731,1734603918871,1734603920082,1211,null,"1, 3, 4, 5, 6, 7, 8, 9, 10, 11, 12, 13, 14, 15, 16, 17"
1732,1734603918887,1734603920273,1386,null,"1, 3, 4, 5, 6, 7, 8, 9, 10, 11, 12, 13, 14, 15, 16, 17"
1733,1734603918888,1734603920203,1315,null,"1, 3, 4, 5, 6, 7, 8, 9, 10, 11, 12, 13, 14, 15, 16, 17"
1734,1734603918936,1734603920101,1165,null,"1, 3, 4, 5, 6, 7, 8, 9, 10, 11, 12, 13, 14, 15, 16, 17"
1735,1734603918949,1734603920081,1132,null,"1, 3, 4, 5, 6, 7, 8, 9, 10, 11, 12, 13, 14, 15, 16, 17"
1736,1734603918950,1734603920105,1155,null,"1, 3, 4, 5, 6, 7, 8, 9, 10, 11, 12, 13, 14, 15, 16, 17"
1737,1734603918952,1734603920358,1406,null,"1, 3, 4, 5, 6, 7, 8, 9, 10, 11, 12, 13, 14, 15, 16, 17"
1738,1734603919097,1734603920273,1176,null,"1, 3, 4, 5, 6, 7, 8, 9, 10, 11, 12, 13, 14, 15, 16, 17"
1739,1734603919098,1734603920000,902,null,"1, 3, 4, 5, 6, 7, 8, 9, 10, 11, 12, 13, 14, 15, 16, 17"
1740,1734603919100,1734603920203,1103,null,"1, 3, 4, 5, 6, 7, 8, 9, 10, 11, 12, 13, 14, 15, 16, 17"
1741,1734603919194,1734603920474,1280,null,"1, 3, 4, 5, 6, 7, 8, 9, 10, 11, 12, 13, 14, 15, 16, 17"
1742,1734603919205,1734603920610,1405,null,"1, 3, 4, 5, 6, 7, 8, 9, 10, 11, 12, 13, 14, 15, 16, 17"
1743,1734603919207,1734603920470,1263,null,"1, 3, 4, 5, 6, 7, 8, 9, 10, 11, 12, 13, 14, 15, 16, 17"
1744,1734603919266,1734603920535,1269,null,"1, 3, 4, 5, 6, 7, 8, 9, 10, 11, 12, 13, 14, 15, 16, 17"
1745,1734603919334,1734603920435,1101,null,"1, 3, 4, 5, 6, 7, 8, 9, 10, 11, 12, 13, 14, 15, 16, 17"
1746,1734603919367,1734603920535,1168,null,"1, 3, 4, 5, 6, 7, 8, 9, 10, 11, 12, 13, 14, 15, 16, 17"
1747,1734603919372,1734603920893,1521,null,"1, 3, 4, 5, 6, 7, 8, 9, 10, 11, 12, 13, 14, 15, 16, 17"
1748,1734603919373,1734603920377,1004,null,"1, 3, 4, 5, 6, 7, 8, 9, 10, 11, 12, 13, 14, 15, 16, 17"
1749,1734603919374,1734603920535,1161,null,"1, 3, 4, 5, 6, 7, 8, 9, 10, 11, 12, 13, 14, 15, 16, 17"
1750,1734603919440,1734603920474,1034,null,"1, 3, 4, 5, 6, 7, 8, 9, 10, 11, 12, 13, 14, 15, 16, 17"
1751,1734603919441,1734603920435,994,null,"1, 3, 4, 5, 6, 7, 8, 9, 10, 11, 12, 13, 14, 15, 16, 17"
1752,1734603919557,1734603920777,1220,null,"1, 3, 4, 5, 6, 7, 8, 9, 10, 11, 12, 13, 14, 15, 16, 17"
1753,1734603919559,1734603920535,976,null,"1, 3, 4, 5, 6, 7, 8, 9, 10, 11, 12, 13, 14, 15, 16, 17"
1754,1734603919648,1734603920474,826,null,"1, 3, 4, 5, 6, 7, 8, 9, 10, 11, 12, 13, 14, 15, 16, 17"
1755,1734603919655,1734603920610,955,null,"1, 3, 4, 5, 6, 7, 8, 9, 10, 11, 12, 13, 14, 15, 16, 17"
1756,1734603919657,1734603920777,1120,null,"1, 3, 4, 5, 6, 7, 8, 9, 10, 11, 12, 13, 14, 15, 16, 17"
1757,1734603919727,1734603920996,1269,null,"1, 3, 4, 5, 6, 7, 8, 9, 10, 11, 12, 13, 14, 15, 16, 17"
1758,1734603919812,1734603920996,1184,null,"1, 3, 4, 5, 6, 7, 8, 9, 10, 11, 12, 13, 14, 15, 16, 17"
1759,1734603919813,1734603920906,1093,null,"1, 3, 4, 5, 6, 7, 8, 9, 10, 11, 12, 13, 14, 15, 16, 17"
1760,1734603919815,1734603920663,848,null,"1, 3, 4, 5, 6, 7, 8, 9, 10, 11, 12, 13, 14, 15, 16, 17"
1761,1734603919872,1734603920778,906,null,"1, 3, 4, 5, 6, 7, 8, 9, 10, 11, 12, 13, 14, 15, 16, 17"
1762,1734603919874,1734603920778,904,null,"1, 3, 4, 5, 6, 7, 8, 9, 10, 11, 12, 13, 14, 15, 16, 17"
1763,1734603919946,1734603920777,831,null,"1, 3, 4, 5, 6, 7, 8, 9, 10, 11, 12, 13, 14, 15, 16, 17"
1764,1734603919947,1734603920686,739,null,"1, 3, 4, 5, 6, 7, 8, 9, 10, 11, 12, 13, 14, 15, 16, 17"
1765,1734603919949,1734603921261,1312,null,"1, 3, 4, 5, 6, 7, 8, 9, 10, 11, 12, 13, 14, 15, 16, 17"
1766,1734603920035,1734603920778,743,null,"1, 3, 4, 5, 6, 7, 8, 9, 10, 11, 12, 13, 14, 15, 16, 17"
1767,1734603920037,1734603920778,741,null,"1, 3, 4, 5, 6, 7, 8, 9, 10, 11, 12, 13, 14, 15, 16, 17"
1768,1734603920083,1734603920633,550,null,"1, 3, 4, 5, 6, 7, 8, 9, 10, 11, 12, 13, 14, 15, 16, 17"
1769,1734603920084,1734603920996,912,null,"1, 3, 4, 5, 6, 7, 8, 9, 10, 11, 12, 13, 14, 15, 16, 17"
1770,1734603920163,1734603920996,833,null,"1, 3, 4, 5, 6, 7, 8, 9, 10, 11, 12, 13, 14, 15, 16, 17"
1771,1734603920165,1734603921348,1183,null,"1, 3, 4, 5, 6, 7, 8, 9, 10, 11, 12, 13, 14, 15, 16, 17"
1772,1734603920166,1734603920813,647,null,"1, 3, 4, 5, 6, 7, 8, 9, 10, 11, 12, 13, 14, 15, 16, 17"
1773,1734603920238,1734603921348,1110,null,"1, 3, 4, 5, 6, 7, 8, 9, 10, 11, 12, 13, 14, 15, 16, 17"
1774,1734603920240,1734603921157,917,null,"1, 3, 4, 5, 6, 7, 8, 9, 10, 11, 12, 13, 14, 15, 16, 17"
1775,1734603920278,1734603920998,720,null,"1, 3, 4, 5, 6, 7, 8, 9, 10, 11, 12, 13, 14, 15, 16, 17"
1776,1734603920279,1734603921259,980,null,"1, 3, 4, 5, 6, 7, 8, 9, 10, 11, 12, 13, 14, 15, 16, 17"
1777,1734603920319,1734603921482,1163,null,"1, 3, 4, 5, 6, 7, 8, 9, 10, 11, 12, 13, 14, 15, 16, 17"
1778,1734603920410,1734603921401,991,null,"1, 3, 4, 5, 6, 7, 8, 9, 10, 11, 12, 13, 14, 15, 16, 17"
1779,1734603920432,1734603921585,1153,null,"1, 3, 4, 5, 6, 7, 8, 9, 10, 11, 12, 13, 14, 15, 16, 17"
1780,1734603920436,1734603921348,912,null,"1, 3, 4, 5, 6, 7, 8, 9, 10, 11, 12, 13, 14, 15, 16, 17"
1781,1734603920450,1734603921482,1032,null,"1, 3, 4, 5, 6, 7, 8, 9, 10, 11, 12, 13, 14, 15, 16, 17"
1782,1734603920492,1734603921482,990,null,"1, 3, 4, 5, 6, 7, 8, 9, 10, 11, 12, 13, 14, 15, 16, 17"
1783,1734603920562,1734603921585,1023,null,"1, 3, 4, 5, 6, 7, 8, 9, 10, 11, 12, 13, 14, 15, 16, 17"
1784,1734603920569,1734603921585,1016,null,"1, 3, 4, 5, 6, 7, 8, 9, 10, 11, 12, 13, 14, 15, 16, 17"
1785,1734603920626,1734603921585,959,null,"1, 3, 4, 5, 6, 7, 8, 9, 10, 11, 12, 13, 14, 15, 16, 17"
1786,1734603920627,1734603921429,802,null,"1, 3, 4, 5, 6, 7, 8, 9, 10, 11, 12, 13, 14, 15, 16, 17"
1787,1734603920629,1734603921695,1066,null,"1, 3, 4, 5, 6, 7, 8, 9, 10, 11, 12, 13, 14, 15, 16, 17"
1788,1734603920668,1734603921585,917,null,"1, 3, 4, 5, 6, 7, 8, 9, 10, 11, 12, 13, 14, 15, 16, 17"
1789,1734603920669,1734603921871,1202,null,"1, 3, 4, 5, 6, 7, 8, 9, 10, 11, 12, 13, 14, 15, 16, 17"
1790,1734603920722,1734603921747,1025,null,"1, 3, 4, 5, 6, 7, 8, 9, 10, 11, 12, 13, 14, 15, 16, 17"
1791,1734603920724,1734603921483,759,null,"1, 3, 4, 5, 6, 7, 8, 9, 10, 11, 12, 13, 14, 15, 16, 17"
1792,1734603920725,1734603921748,1023,null,"1, 3, 4, 5, 6, 7, 8, 9, 10, 11, 12, 13, 14, 15, 16, 17"
1793,1734603920800,1734603921747,947,null,"1, 3, 4, 5, 6, 7, 8, 9, 10, 11, 12, 13, 14, 15, 16, 17"
1794,1734603920802,1734603921577,775,null,"1, 3, 4, 5, 6, 7, 8, 9, 10, 11, 12, 13, 14, 15, 16, 17"
1795,1734603920863,1734603921747,884,null,"1, 3, 4, 5, 6, 7, 8, 9, 10, 11, 12, 13, 14, 15, 16, 17"
1796,1734603920864,1734603921747,883,null,"1, 3, 4, 5, 6, 7, 8, 9, 10, 11, 12, 13, 14, 15, 16, 17"
1797,1734603920865,1734603921758,893,null,"1, 3, 4, 5, 6, 7, 8, 9, 10, 11, 12, 13, 14, 15, 16, 17"
1798,1734603920943,1734603921879,936,null,"1, 3, 4, 5, 6, 7, 8, 9, 10, 11, 12, 13, 14, 15, 16, 17"
1799,1734603920944,1734603922083,1139,null,"1, 3, 4, 5, 6, 7, 8, 9, 10, 11, 12, 13, 14, 15, 16, 17"
1800,1734603920946,1734603922080,1134,null,"1, 3, 4, 5, 6, 7, 8, 9, 10, 11, 12, 13, 14, 15, 16, 17"
1801,1734603920988,1734603922081,1093,null,"1, 3, 4, 5, 6, 7, 8, 9, 10, 11, 12, 13, 14, 15, 16, 17"
1802,1734603920989,1734603921695,706,null,"1, 3, 4, 5, 6, 7, 8, 9, 10, 11, 12, 13, 14, 15, 16, 17"
1803,1734603920991,1734603922081,1090,null,"1, 3, 4, 5, 6, 7, 8, 9, 10, 11, 12, 13, 14, 15, 16, 17"
1804,1734603921070,1734603921862,792,null,"1, 3, 4, 5, 6, 7, 8, 9, 10, 11, 12, 13, 14, 15, 16, 17"
1805,1734603921118,1734603921898,780,null,"1, 3, 4, 5, 6, 7, 8, 9, 10, 11, 12, 13, 14, 15, 16, 17"
1806,1734603921119,1734603922083,964,null,"1, 3, 4, 5, 6, 7, 8, 9, 10, 11, 12, 13, 14, 15, 16, 17"
1807,1734603921121,1734603921752,631,null,"1, 3, 4, 5, 6, 7, 8, 9, 10, 11, 12, 13, 14, 15, 16, 17"
1808,1734603921174,1734603922081,907,null,"1, 3, 4, 5, 6, 7, 8, 9, 10, 11, 12, 13, 14, 15, 16, 17"
1809,1734603921175,1734603922267,1092,null,"1, 3, 4, 5, 6, 7, 8, 9, 10, 11, 12, 13, 14, 15, 16, 17"
1810,1734603921189,1734603921862,673,null,"1, 3, 4, 5, 6, 7, 8, 9, 10, 11, 12, 13, 14, 15, 16, 17"
1811,1734603921190,1734603922422,1232,null,"1, 3, 4, 5, 6, 7, 8, 9, 10, 11, 12, 13, 14, 15, 16, 17"
1812,1734603921223,1734603922081,858,null,"1, 3, 4, 5, 6, 7, 8, 9, 10, 11, 12, 13, 14, 15, 16, 17"
1813,1734603921224,1734603922151,927,null,"1, 3, 4, 5, 6, 7, 8, 9, 10, 11, 12, 13, 14, 15, 16, 17"
1814,1734603921300,1734603922276,976,null,"1, 3, 4, 5, 6, 7, 8, 9, 10, 11, 12, 13, 14, 15, 16, 17"
1815,1734603921302,1734603922080,778,null,"1, 3, 4, 5, 6, 7, 8, 9, 10, 11, 12, 13, 14, 15, 16, 17"
1816,1734603921348,1734603922090,742,null,"1, 3, 4, 5, 6, 7, 8, 9, 10, 11, 12, 13, 14, 15, 16, 17"
1817,1734603921359,1734603922350,991,null,"1, 3, 4, 5, 6, 7, 8, 9, 10, 11, 12, 13, 14, 15, 16, 17"
1818,1734603921474,1734603922691,1217,null,"1, 3, 4, 5, 6, 7, 8, 9, 10, 11, 12, 13, 14, 15, 16, 17"
1819,1734603921551,1734603922690,1139,null,"1, 3, 4, 5, 6, 7, 8, 9, 10, 11, 12, 13, 14, 15, 16, 17"
1820,1734603921582,1734603922873,1291,null,"1, 3, 4, 5, 6, 7, 8, 9, 10, 11, 12, 13, 14, 15, 16, 17"
1821,1734603921609,1734603922630,1021,null,"1, 3, 4, 5, 6, 7, 8, 9, 10, 11, 12, 13, 14, 15, 16, 17"
1822,1734603921611,1734603922690,1079,null,"1, 3, 4, 5, 6, 7, 8, 9, 10, 11, 12, 13, 14, 15, 16, 17"
1823,1734603921662,1734603922690,1028,null,"1, 3, 4, 5, 6, 7, 8, 9, 10, 11, 12, 13, 14, 15, 16, 17"
1824,1734603921663,1734603922690,1027,null,"1, 3, 4, 5, 6, 7, 8, 9, 10, 11, 12, 13, 14, 15, 16, 17"
1825,1734603921665,1734603922858,1193,null,"1, 3, 4, 5, 6, 7, 8, 9, 10, 11, 12, 13, 14, 15, 16, 17"
1826,1734603921721,1734603922692,971,null,"1, 3, 4, 5, 6, 7, 8, 9, 10, 11, 12, 13, 14, 15, 16, 17"
1827,1734603921746,1734603923029,1283,null,"1, 3, 4, 5, 6, 7, 8, 9, 10, 11, 12, 13, 14, 15, 16, 17"
1828,1734603921747,1734603922803,1056,null,"1, 3, 4, 5, 6, 7, 8, 9, 10, 11, 12, 13, 14, 15, 16, 17"
1829,1734603921748,1734603923243,1495,null,"1, 3, 4, 5, 6, 7, 8, 9, 10, 11, 12, 13, 14, 15, 16, 17"
1830,1734603921861,1734603923029,1168,null,"1, 3, 4, 5, 6, 7, 8, 9, 10, 11, 12, 13, 14, 15, 16, 17"
1831,1734603921862,1734603923018,1156,null,"1, 3, 4, 5, 6, 7, 8, 9, 10, 11, 12, 13, 14, 15, 16, 17"
1832,1734603921864,1734603922816,952,null,"1, 3, 4, 5, 6, 7, 8, 9, 10, 11, 12, 13, 14, 15, 16, 17"
1833,1734603921929,1734603923029,1100,null,"1, 3, 4, 5, 6, 7, 8, 9, 10, 11, 12, 13, 14, 15, 16, 17"
1834,1734603921931,1734603922903,972,null,"1, 3, 4, 5, 6, 7, 8, 9, 10, 11, 12, 13, 14, 15, 16, 17"
1835,1734603921932,1734603923029,1097,null,"1, 3, 4, 5, 6, 7, 8, 9, 10, 11, 12, 13, 14, 15, 16, 17"
1836,1734603921989,1734603923413,1424,null,"1, 3, 4, 5, 6, 7, 8, 9, 10, 11, 12, 13, 14, 15, 16, 17"
1837,1734603921990,1734603923029,1039,null,"1, 3, 4, 5, 6, 7, 8, 9, 10, 11, 12, 13, 14, 15, 16, 17"
1838,1734603921992,1734603923029,1037,null,"1, 3, 4, 5, 6, 7, 8, 9, 10, 11, 12, 13, 14, 15, 16, 17"
1839,1734603922043,1734603923133,1090,null,"1, 3, 4, 5, 6, 7, 8, 9, 10, 11, 12, 13, 14, 15, 16, 17"
1840,1734603922045,1734603923413,1368,null,"1, 3, 4, 5, 6, 7, 8, 9, 10, 11, 12, 13, 14, 15, 16, 17"
1841,1734603922100,1734603923028,928,null,"1, 3, 4, 5, 6, 7, 8, 9, 10, 11, 12, 13, 14, 15, 16, 17"
1842,1734603922102,1734603923018,916,null,"1, 3, 4, 5, 6, 7, 8, 9, 10, 11, 12, 13, 14, 15, 16, 17"
1843,1734603922103,1734603923413,1310,null,"1, 3, 4, 5, 6, 7, 8, 9, 10, 11, 12, 13, 14, 15, 16, 17"
1844,1734603922174,1734603923207,1033,null,"1, 3, 4, 5, 6, 7, 8, 9, 10, 11, 12, 13, 14, 15, 16, 17"
1845,1734603922225,1734603923080,855,null,"1, 3, 4, 5, 6, 7, 8, 9, 10, 11, 12, 13, 14, 15, 16, 17"
1846,1734603922277,1734603923413,1136,null,"1, 3, 4, 5, 6, 7, 8, 9, 10, 11, 12, 13, 14, 15, 16, 17"
1847,1734603922282,1734603923070,788,null,"1, 3, 4, 5, 6, 7, 8, 9, 10, 11, 12, 13, 14, 15, 16, 17"
1848,1734603922308,1734603923683,1375,null,"1, 3, 4, 5, 6, 7, 8, 9, 10, 11, 12, 13, 14, 15, 16, 17"
1849,1734603922310,1734603923413,1103,null,"1, 3, 4, 5, 6, 7, 8, 9, 10, 11, 12, 13, 14, 15, 16, 17"
1850,1734603922363,1734603923496,1133,null,"1, 3, 4, 5, 6, 7, 8, 9, 10, 11, 12, 13, 14, 15, 16, 17"
1851,1734603922364,1734603923413,1049,null,"1, 3, 4, 5, 6, 7, 8, 9, 10, 11, 12, 13, 14, 15, 16, 17"
1852,1734603922365,1734603923552,1187,null,"1, 3, 4, 5, 6, 7, 8, 9, 10, 11, 12, 13, 14, 15, 16, 17"
1853,1734603922421,1734603923573,1152,null,"1, 3, 4, 5, 6, 7, 8, 9, 10, 11, 12, 13, 14, 15, 16, 17"
1854,1734603922422,1734603923731,1309,null,"1, 3, 4, 5, 6, 7, 8, 9, 10, 11, 12, 13, 14, 15, 16, 17"
1855,1734603922423,1734603923496,1073,null,"1, 3, 4, 5, 6, 7, 8, 9, 10, 11, 12, 13, 14, 15, 16, 17"
1856,1734603922425,1734603923189,764,null,"1, 3, 4, 5, 6, 7, 8, 9, 10, 11, 12, 13, 14, 15, 16, 17"
1857,1734603922426,1734603923443,1017,null,"1, 3, 4, 5, 6, 7, 8, 9, 10, 11, 12, 13, 14, 15, 16, 17"
1858,1734603922427,1734603923585,1158,null,"1, 3, 4, 5, 6, 7, 8, 9, 10, 11, 12, 13, 14, 15, 16, 17"
1859,1734603922429,1734603923959,1530,null,"1, 3, 4, 5, 6, 7, 8, 9, 10, 11, 12, 13, 14, 15, 16, 17"
1860,1734603922430,1734603923984,1554,null,"1, 3, 4, 5, 6, 7, 8, 9, 10, 11, 12, 13, 14, 15, 16, 17"
1861,1734603922431,1734603923285,854,null,"1, 3, 4, 5, 6, 7, 8, 9, 10, 11, 12, 13, 14, 15, 16, 17"
1862,1734603922433,1734603923440,1007,null,"1, 3, 4, 5, 6, 7, 8, 9, 10, 11, 12, 13, 14, 15, 16, 17"
1863,1734603922434,1734603923686,1252,null,"1, 3, 4, 5, 6, 7, 8, 9, 10, 11, 12, 13, 14, 15, 16, 17"
1864,1734603922502,1734603923854,1352,null,"1, 3, 4, 5, 6, 7, 8, 9, 10, 11, 12, 13, 14, 15, 16, 17"
1865,1734603922513,1734603923413,900,null,"1, 3, 4, 5, 6, 7, 8, 9, 10, 11, 12, 13, 14, 15, 16, 17"
1866,1734603922579,1734603923665,1086,null,"1, 3, 4, 5, 6, 7, 8, 9, 10, 11, 12, 13, 14, 15, 16, 17"
1867,1734603922607,1734603923413,806,null,"1, 3, 4, 5, 6, 7, 8, 9, 10, 11, 12, 13, 14, 15, 16, 17"
1868,1734603922609,1734603923834,1225,null,"1, 3, 4, 5, 6, 7, 8, 9, 10, 11, 12, 13, 14, 15, 16, 17"
1869,1734603922666,1734603923413,747,null,"1, 3, 4, 5, 6, 7, 8, 9, 10, 11, 12, 13, 14, 15, 16, 17"
1870,1734603922667,1734603924298,1631,null,"1, 3, 4, 5, 6, 7, 8, 9, 10, 11, 12, 13, 14, 15, 16, 17"
1871,1734603922669,1734603923959,1290,null,"1, 3, 4, 5, 6, 7, 8, 9, 10, 11, 12, 13, 14, 15, 16, 17"
1872,1734603922681,1734603923834,1153,null,"1, 3, 4, 5, 6, 7, 8, 9, 10, 11, 12, 13, 14, 15, 16, 17"
1873,1734603922784,1734603923687,903,null,"1, 3, 4, 5, 6, 7, 8, 9, 10, 11, 12, 13, 14, 15, 16, 17"
1874,1734603922785,1734603924477,1692,null,"1, 3, 4, 5, 6, 7, 8, 9, 10, 11, 12, 13, 14, 15, 16, 17"
1875,1734603922847,1734603923877,1030,null,"1, 3, 4, 5, 6, 7, 8, 9, 10, 11, 12, 13, 14, 15, 16, 17"
1876,1734603922861,1734603923782,921,null,"1, 3, 4, 5, 6, 7, 8, 9, 10, 11, 12, 13, 14, 15, 16, 17"
1877,1734603922910,1734603924108,1198,null,"1, 3, 4, 5, 6, 7, 8, 9, 10, 11, 12, 13, 14, 15, 16, 17"
1878,1734603922920,1734603924048,1128,null,"1, 3, 4, 5, 6, 7, 8, 9, 10, 11, 12, 13, 14, 15, 16, 17"
1879,1734603922964,1734603924558,1594,null,"1, 3, 4, 5, 6, 7, 8, 9, 10, 11, 12, 13, 14, 15, 16, 17"
1880,1734603922969,1734603923957,988,null,"1, 3, 4, 5, 6, 7, 8, 9, 10, 11, 12, 13, 14, 15, 16, 17"
1881,1734603923040,1734603924195,1155,null,"1, 3, 4, 5, 6, 7, 8, 9, 10, 11, 12, 13, 14, 15, 16, 17"
1882,1734603923046,1734603924033,987,null,"1, 3, 4, 5, 6, 7, 8, 9, 10, 11, 12, 13, 14, 15, 16, 17"
1883,1734603923047,1734603924247,1200,null,"1, 3, 4, 5, 6, 7, 8, 9, 10, 11, 12, 13, 14, 15, 16, 17"
1884,1734603923165,1734603924576,1411,null,"1, 3, 4, 5, 6, 7, 8, 9, 10, 11, 12, 13, 14, 15, 16, 17"
1885,1734603923166,1734603924152,986,null,"1, 3, 4, 5, 6, 7, 8, 9, 10, 11, 12, 13, 14, 15, 16, 17"
1886,1734603923256,1734603924649,1393,null,"1, 3, 4, 5, 6, 7, 8, 9, 10, 11, 12, 13, 14, 15, 16, 17"
1887,1734603923257,1734603924104,847,null,"1, 3, 4, 5, 6, 7, 8, 9, 10, 11, 12, 13, 14, 15, 16, 17"
1888,1734603923258,1734603924108,850,null,"1, 3, 4, 5, 6, 7, 8, 9, 10, 11, 12, 13, 14, 15, 16, 17"
1889,1734603923344,1734603924163,819,null,"1, 3, 4, 5, 6, 7, 8, 9, 10, 11, 12, 13, 14, 15, 16, 17"
1890,1734603923345,1734603924271,926,null,"1, 3, 4, 5, 6, 7, 8, 9, 10, 11, 12, 13, 14, 15, 16, 17"
1891,1734603923406,1734603924425,1019,null,"1, 3, 4, 5, 6, 7, 8, 9, 10, 11, 12, 13, 14, 15, 16, 17"
1892,1734603923408,1734603924119,711,null,"1, 3, 4, 5, 6, 7, 8, 9, 10, 11, 12, 13, 14, 15, 16, 17"
1893,1734603923409,1734603924839,1430,null,"1, 3, 4, 5, 6, 7, 8, 9, 10, 11, 12, 13, 14, 15, 16, 17"
1894,1734603923497,1734603924271,774,null,"1, 3, 4, 5, 6, 7, 8, 9, 10, 11, 12, 13, 14, 15, 16, 17"
1895,1734603923498,1734603924277,779,null,"1, 3, 4, 5, 6, 7, 8, 9, 10, 11, 12, 13, 14, 15, 16, 17"
1896,1734603923499,1734603924649,1150,null,"1, 3, 4, 5, 6, 7, 8, 9, 10, 11, 12, 13, 14, 15, 16, 17"
1897,1734603923581,1734603924280,699,null,"1, 3, 4, 5, 6, 7, 8, 9, 10, 11, 12, 13, 14, 15, 16, 17"
1898,1734603923582,1734603924317,735,null,"1, 3, 4, 5, 6, 7, 8, 9, 10, 11, 12, 13, 14, 15, 16, 17"
1899,1734603923584,1734603924599,1015,null,"1, 3, 4, 5, 6, 7, 8, 9, 10, 11, 12, 13, 14, 15, 16, 17"
1900,1734603923666,1734603924119,453,null,"1, 3, 4, 5, 6, 7, 8, 9, 10, 11, 12, 13, 14, 15, 16, 17"
1901,1734603923668,1734603924214,546,null,"1, 3, 4, 5, 6, 7, 8, 9, 10, 11, 12, 13, 14, 15, 16, 17"
1902,1734603923744,1734603924273,529,null,"1, 3, 4, 5, 6, 7, 8, 9, 10, 11, 12, 13, 14, 15, 16, 17"
1903,1734603923755,1734603924133,378,null,"1, 3, 4, 5, 6, 7, 8, 9, 10, 11, 12, 13, 14, 15, 16, 17"
1904,1734603923757,1734603924310,553,null,"1, 3, 4, 5, 6, 7, 8, 9, 10, 11, 12, 13, 14, 15, 16, 17"
1905,1734603923834,1734603924425,591,null,"1, 3, 4, 5, 6, 7, 8, 9, 10, 11, 12, 13, 14, 15, 16, 17"
1906,1734603923835,1734603924430,595,null,"1, 3, 4, 5, 6, 7, 8, 9, 10, 11, 12, 13, 14, 15, 16, 17"
1907,1734603923915,1734603924801,886,null,"1, 3, 4, 5, 6, 7, 8, 9, 10, 11, 12, 13, 14, 15, 16, 17"
1908,1734603923916,1734603924839,923,null,"1, 3, 4, 5, 6, 7, 8, 9, 10, 11, 12, 13, 14, 15, 16, 17"
1909,1734603924323,1734603924731,408,null,"1, 3, 4, 5, 6, 7, 8, 9, 10, 11, 12, 13, 14, 15, 16, 17"
1910,1734603924325,1734603924939,614,null,"1, 3, 4, 5, 6, 7, 8, 9, 10, 11, 12, 13, 14, 15, 16, 17"
1911,1734603924365,1734603924975,610,null,"1, 3, 4, 5, 6, 7, 8, 9, 10, 11, 12, 13, 14, 15, 16, 17"
1912,1734603924370,1734603925050,680,null,"1, 3, 4, 5, 6, 7, 8, 9, 10, 11, 12, 13, 14, 15, 16, 17"
1913,1734603924432,1734603925050,618,null,"1, 3, 4, 5, 6, 7, 8, 9, 10, 11, 12, 13, 14, 15, 16, 17"
1914,1734603924434,1734603925105,671,null,"1, 3, 4, 5, 6, 7, 8, 9, 10, 11, 12, 13, 14, 15, 16, 17"
1915,1734603924469,1734603925104,635,null,"1, 3, 4, 5, 6, 7, 8, 9, 10, 11, 12, 13, 14, 15, 16, 17"
1916,1734603924478,1734603925050,572,null,"1, 3, 4, 5, 6, 7, 8, 9, 10, 11, 12, 13, 14, 15, 16, 17"
1917,1734603924480,1734603925116,636,null,"1, 3, 4, 5, 6, 7, 8, 9, 10, 11, 12, 13, 14, 15, 16, 17"
1918,1734603924523,1734603925159,636,null,"1, 3, 4, 5, 6, 7, 8, 9, 10, 11, 12, 13, 14, 15, 16, 17"
1919,1734603924525,1734603925245,720,null,"1, 3, 4, 5, 6, 7, 8, 9, 10, 11, 12, 13, 14, 15, 16, 17"
1920,1734603924597,1734603925286,689,null,"1, 3, 4, 5, 6, 7, 8, 9, 10, 11, 12, 13, 14, 15, 16, 17"
1921,1734603924647,1734603925050,403,null,"1, 3, 4, 5, 6, 7, 8, 9, 10, 11, 12, 13, 14, 15, 16, 17"
1922,1734603924658,1734603925397,739,null,"1, 3, 4, 5, 6, 7, 8, 9, 10, 11, 12, 13, 14, 15, 16, 17"
1923,1734603924673,1734603925133,460,null,"1, 3, 4, 5, 6, 7, 8, 9, 10, 11, 12, 13, 14, 15, 16, 17"
1924,1734603924675,1734603925134,459,null,"1, 3, 4, 5, 6, 7, 8, 9, 10, 11, 12, 13, 14, 15, 16, 17"
1925,1734603924714,1734603925286,572,null,"1, 3, 4, 5, 6, 7, 8, 9, 10, 11, 12, 13, 14, 15, 16, 17"
1926,1734603924748,1734603925394,646,null,"1, 3, 4, 5, 6, 7, 8, 9, 10, 11, 12, 13, 14, 15, 16, 17"
1927,1734603924775,1734603925494,719,null,"1, 3, 4, 5, 6, 7, 8, 9, 10, 11, 12, 13, 14, 15, 16, 17"
1928,1734603924777,1734603925494,717,null,"1, 3, 4, 5, 6, 7, 8, 9, 10, 11, 12, 13, 14, 15, 16, 17"
1929,1734603924812,1734603925397,585,null,"1, 3, 4, 5, 6, 7, 8, 9, 10, 11, 12, 13, 14, 15, 16, 17"
1930,1734603924855,1734603925494,639,null,"1, 3, 4, 5, 6, 7, 8, 9, 10, 11, 12, 13, 14, 15, 16, 17"
1931,1734603924857,1734603925494,637,null,"1, 3, 4, 5, 6, 7, 8, 9, 10, 11, 12, 13, 14, 15, 16, 17"
1932,1734603924898,1734603925494,596,null,"1, 3, 4, 5, 6, 7, 8, 9, 10, 11, 12, 13, 14, 15, 16, 17"
1933,1734603924900,1734603925494,594,null,"1, 3, 4, 5, 6, 7, 8, 9, 10, 11, 12, 13, 14, 15, 16, 17"
1934,1734603924934,1734603925503,569,null,"1, 3, 4, 5, 6, 7, 8, 9, 10, 11, 12, 13, 14, 15, 16, 17"
1935,1734603924995,1734603925575,580,null,"1, 3, 4, 5, 6, 7, 8, 9, 10, 11, 12, 13, 14, 15, 16, 17"
1936,1734603924997,1734603925494,497,null,"1, 3, 4, 5, 6, 7, 8, 9, 10, 11, 12, 13, 14, 15, 16, 17"
1937,1734603925030,1734603925714,684,null,"1, 3, 4, 5, 6, 7, 8, 9, 10, 11, 12, 13, 14, 15, 16, 17"
1938,1734603925064,1734603925833,769,null,"1, 3, 4, 5, 6, 7, 8, 9, 10, 11, 12, 13, 14, 15, 16, 17"
1939,1734603925095,1734603925665,570,null,"1, 3, 4, 5, 6, 7, 8, 9, 10, 11, 12, 13, 14, 15, 16, 17"
1940,1734603925097,1734603925958,861,null,"1, 3, 4, 5, 6, 7, 8, 9, 10, 11, 12, 13, 14, 15, 16, 17"
1941,1734603925135,1734603925769,634,null,"1, 3, 4, 5, 6, 7, 8, 9, 10, 11, 12, 13, 14, 15, 16, 17"
1942,1734603925178,1734603925689,511,null,"1, 3, 4, 5, 6, 7, 8, 9, 10, 11, 12, 13, 14, 15, 16, 17"
1943,1734603925215,1734603925702,487,null,"1, 3, 4, 5, 6, 7, 8, 9, 10, 11, 12, 13, 14, 15, 16, 17"
1944,1734603925221,1734603925937,716,null,"1, 3, 4, 5, 6, 7, 8, 9, 10, 11, 12, 13, 14, 15, 16, 17"
1945,1734603925273,1734603926242,969,null,"1, 3, 4, 5, 6, 7, 8, 9, 10, 11, 12, 13, 14, 15, 16, 17"
1946,1734603925279,1734603926139,860,null,"1, 3, 4, 5, 6, 7, 8, 9, 10, 11, 12, 13, 14, 15, 16, 17"
1947,1734603925312,1734603925925,613,null,"1, 3, 4, 5, 6, 7, 8, 9, 10, 11, 12, 13, 14, 15, 16, 17"
1948,1734603925318,1734603925963,645,null,"1, 3, 4, 5, 6, 7, 8, 9, 10, 11, 12, 13, 14, 15, 16, 17"
1949,1734603925360,1734603926139,779,null,"1, 3, 4, 5, 6, 7, 8, 9, 10, 11, 12, 13, 14, 15, 16, 17"
1950,1734603925414,1734603926141,727,null,"1, 3, 4, 5, 6, 7, 8, 9, 10, 11, 12, 13, 14, 15, 16, 17"
1951,1734603925469,1734603926374,905,null,"1, 3, 4, 5, 6, 7, 8, 9, 10, 11, 12, 13, 14, 15, 16, 17"
1952,1734603925471,1734603926377,906,null,"1, 3, 4, 5, 6, 7, 8, 9, 10, 11, 12, 13, 14, 15, 16, 17"
1953,1734603925509,1734603926141,632,null,"1, 3, 4, 5, 6, 7, 8, 9, 10, 11, 12, 13, 14, 15, 16, 17"
1954,1734603925510,1734603926319,809,null,"1, 3, 4, 5, 6, 7, 8, 9, 10, 11, 12, 13, 14, 15, 16, 17"
1955,1734603925511,1734603926313,802,null,"1, 3, 4, 5, 6, 7, 8, 9, 10, 11, 12, 13, 14, 15, 16, 17"
1956,1734603925545,1734603926242,697,null,"1, 3, 4, 5, 6, 7, 8, 9, 10, 11, 12, 13, 14, 15, 16, 17"
1957,1734603925547,1734603926237,690,null,"1, 3, 4, 5, 6, 7, 8, 9, 10, 11, 12, 13, 14, 15, 16, 17"
1958,1734603925585,1734603926243,658,null,"1, 3, 4, 5, 6, 7, 8, 9, 10, 11, 12, 13, 14, 15, 16, 17"
1959,1734603925586,1734603926270,684,null,"1, 3, 4, 5, 6, 7, 8, 9, 10, 11, 12, 13, 14, 15, 16, 17"
1960,1734603925588,1734603926514,926,null,"1, 3, 4, 5, 6, 7, 8, 9, 10, 11, 12, 13, 14, 15, 16, 17"
1961,1734603925644,1734603926429,785,null,"1, 3, 4, 5, 6, 7, 8, 9, 10, 11, 12, 13, 14, 15, 16, 17"
1962,1734603925659,1734603926542,883,null,"1, 3, 4, 5, 6, 7, 8, 9, 10, 11, 12, 13, 14, 15, 16, 17"
1963,1734603925724,1734603926583,859,null,"1, 3, 4, 5, 6, 7, 8, 9, 10, 11, 12, 13, 14, 15, 16, 17"
1964,1734603925726,1734603926516,790,null,"1, 3, 4, 5, 6, 7, 8, 9, 10, 11, 12, 13, 14, 15, 16, 17"
1965,1734603925760,1734603926440,680,null,"1, 3, 4, 5, 6, 7, 8, 9, 10, 11, 12, 13, 14, 15, 16, 17"
1966,1734603925769,1734603926646,877,null,"1, 3, 4, 5, 6, 7, 8, 9, 10, 11, 12, 13, 14, 15, 16, 17"
1967,1734603925793,1734603926440,647,null,"1, 3, 4, 5, 6, 7, 8, 9, 10, 11, 12, 13, 14, 15, 16, 17"
1968,1734603925820,1734603926746,926,null,"1, 3, 4, 5, 6, 7, 8, 9, 10, 11, 12, 13, 14, 15, 16, 17"
1969,1734603925840,1734603926362,522,null,"1, 3, 4, 5, 6, 7, 8, 9, 10, 11, 12, 13, 14, 15, 16, 17"
1970,1734603925841,1734603926807,966,null,"1, 3, 4, 5, 6, 7, 8, 9, 10, 11, 12, 13, 14, 15, 16, 17"
1971,1734603925842,1734603926755,913,null,"1, 3, 4, 5, 6, 7, 8, 9, 10, 11, 12, 13, 14, 15, 16, 17"
1972,1734603925889,1734603926774,885,null,"1, 3, 4, 5, 6, 7, 8, 9, 10, 11, 12, 13, 14, 15, 16, 17"
1973,1734603925906,1734603926723,817,null,"1, 3, 4, 5, 6, 7, 8, 9, 10, 11, 12, 13, 14, 15, 16, 17"
1974,1734603925922,1734603926865,943,null,"1, 3, 4, 5, 6, 7, 8, 9, 10, 11, 12, 13, 14, 15, 16, 17"
1975,1734603925924,1734603926753,829,null,"1, 3, 4, 5, 6, 7, 8, 9, 10, 11, 12, 13, 14, 15, 16, 17"
1976,1734603925963,1734603927079,1116,null,"1, 3, 4, 5, 6, 7, 8, 9, 10, 11, 12, 13, 14, 15, 16, 17"
1977,1734603925996,1734603926689,693,null,"1, 3, 4, 5, 6, 7, 8, 9, 10, 11, 12, 13, 14, 15, 16, 17"
1978,1734603925997,1734603927282,1285,null,"1, 3, 4, 5, 6, 7, 8, 9, 10, 11, 12, 13, 14, 15, 16, 17"
1979,1734603926002,1734603926568,566,null,"1, 3, 4, 5, 6, 7, 8, 9, 10, 11, 12, 13, 14, 15, 16, 17"
1980,1734603926013,1734603927205,1192,null,"1, 3, 4, 5, 6, 7, 8, 9, 10, 11, 12, 13, 14, 15, 16, 17"
1981,1734603926047,1734603926648,601,null,"1, 3, 4, 5, 6, 7, 8, 9, 10, 11, 12, 13, 14, 15, 16, 17"
1982,1734603926053,1734603927150,1097,null,"1, 3, 4, 5, 6, 7, 8, 9, 10, 11, 12, 13, 14, 15, 16, 17"
1983,1734603926054,1734603927150,1096,null,"1, 3, 4, 5, 6, 7, 8, 9, 10, 11, 12, 13, 14, 15, 16, 17"
1984,1734603926155,1734603927236,1081,null,"1, 3, 4, 5, 6, 7, 8, 9, 10, 11, 12, 13, 14, 15, 16, 17"
1985,1734603926156,1734603926963,807,null,"1, 3, 4, 5, 6, 7, 8, 9, 10, 11, 12, 13, 14, 15, 16, 17"
1986,1734603926197,1734603927536,1339,null,"1, 3, 4, 5, 6, 7, 8, 9, 10, 11, 12, 13, 14, 15, 16, 17"
1987,1734603926282,1734603927575,1293,null,"1, 3, 4, 5, 6, 7, 8, 9, 10, 11, 12, 13, 14, 15, 16, 17"
1988,1734603926283,1734603927377,1094,null,"1, 3, 4, 5, 6, 7, 8, 9, 10, 11, 12, 13, 14, 15, 16, 17"
1989,1734603926284,1734603927308,1024,null,"1, 3, 4, 5, 6, 7, 8, 9, 10, 11, 12, 13, 14, 15, 16, 17"
1990,1734603926323,1734603927441,1118,null,"1, 3, 4, 5, 6, 7, 8, 9, 10, 11, 12, 13, 14, 15, 16, 17"
1991,1734603926328,1734603927536,1208,null,"1, 3, 4, 5, 6, 7, 8, 9, 10, 11, 12, 13, 14, 15, 16, 17"
1992,1734603926399,1734603927364,965,null,"1, 3, 4, 5, 6, 7, 8, 9, 10, 11, 12, 13, 14, 15, 16, 17"
1993,1734603926401,1734603927377,976,null,"1, 3, 4, 5, 6, 7, 8, 9, 10, 11, 12, 13, 14, 15, 16, 17"
1994,1734603926402,1734603927445,1043,null,"1, 3, 4, 5, 6, 7, 8, 9, 10, 11, 12, 13, 14, 15, 16, 17"
1995,1734603926482,1734603927161,679,null,"1, 3, 4, 5, 6, 7, 8, 9, 10, 11, 12, 13, 14, 15, 16, 17"
1996,1734603926483,1734603927150,667,null,"1, 3, 4, 5, 6, 7, 8, 9, 10, 11, 12, 13, 14, 15, 16, 17"
1997,1734603926485,1734603927364,879,null,"1, 3, 4, 5, 6, 7, 8, 9, 10, 11, 12, 13, 14, 15, 16, 17"
1998,1734603926535,1734603927536,1001,null,"1, 3, 4, 5, 6, 7, 8, 9, 10, 11, 12, 13, 14, 15, 16, 17"
1999,1734603926536,1734603927536,1000,null,"1, 3, 4, 5, 6, 7, 8, 9, 10, 11, 12, 13, 14, 15, 16, 17"
2000,1734603926538,1734603927575,1037,null,"1, 3, 4, 5, 6, 7, 8, 9, 10, 11, 12, 13, 14, 15, 16, 17"
2001,1734603926599,1734603927811,1212,null,"1, 3, 4, 5, 6, 7, 8, 9, 10, 11, 12, 13, 14, 15, 16, 17"
2002,1734603926600,1734603927682,1082,null,"1, 3, 4, 5, 6, 7, 8, 9, 10, 11, 12, 13, 14, 15, 16, 17"
2003,1734603926602,1734603927364,762,null,"1, 3, 4, 5, 6, 7, 8, 9, 10, 11, 12, 13, 14, 15, 16, 17"
2004,1734603926657,1734603928356,1699,null,"1, 3, 4, 5, 6, 7, 8, 9, 10, 11, 12, 13, 14, 15, 16, 17"
2005,1734603926685,1734603927804,1119,null,"1, 3, 4, 5, 6, 7, 8, 9, 10, 11, 12, 13, 14, 15, 16, 17"
2006,1734603926687,1734603927961,1274,null,"1, 3, 4, 5, 6, 7, 8, 9, 10, 11, 12, 13, 14, 15, 16, 17"
2007,1734603926784,1734603927804,1020,null,"1, 3, 4, 5, 6, 7, 8, 9, 10, 11, 12, 13, 14, 15, 16, 17"
2008,1734603926785,1734603927824,1039,null,"1, 3, 4, 5, 6, 7, 8, 9, 10, 11, 12, 13, 14, 15, 16, 17"
2009,1734603926841,1734603928263,1422,null,"1, 3, 4, 5, 6, 7, 8, 9, 10, 11, 12, 13, 14, 15, 16, 17"
2010,1734603926842,1734603928307,1465,null,"1, 3, 4, 5, 6, 7, 8, 9, 10, 11, 12, 13, 14, 15, 16, 17"
2011,1734603926843,1734603927708,865,null,"1, 3, 4, 5, 6, 7, 8, 9, 10, 11, 12, 13, 14, 15, 16, 17"
2012,1734603926919,1734603927802,883,null,"1, 3, 4, 5, 6, 7, 8, 9, 10, 11, 12, 13, 14, 15, 16, 17"
2013,1734603926921,1734603928464,1543,null,"1, 3, 4, 5, 6, 7, 8, 9, 10, 11, 12, 13, 14, 15, 16, 17"
2014,1734603926922,1734603927932,1010,null,"1, 3, 4, 5, 6, 7, 8, 9, 10, 11, 12, 13, 14, 15, 16, 17"
2015,1734603926923,1734603928342,1419,null,"1, 3, 4, 5, 6, 7, 8, 9, 10, 11, 12, 13, 14, 15, 16, 17"
2016,1734603926925,1734603928308,1383,null,"1, 3, 4, 5, 6, 7, 8, 9, 10, 11, 12, 13, 14, 15, 16, 17"
2017,1734603926926,1734603928263,1337,null,"1, 3, 4, 5, 6, 7, 8, 9, 10, 11, 12, 13, 14, 15, 16, 17"
2018,1734603926927,1734603927709,782,null,"1, 3, 4, 5, 6, 7, 8, 9, 10, 11, 12, 13, 14, 15, 16, 17"
2019,1734603926928,1734603927682,754,null,"1, 3, 4, 5, 6, 7, 8, 9, 10, 11, 12, 13, 14, 15, 16, 17"
2020,1734603926930,1734603928093,1163,null,"1, 3, 4, 5, 6, 7, 8, 9, 10, 11, 12, 13, 14, 15, 16, 17"
2021,1734603926931,1734603928307,1376,null,"1, 3, 4, 5, 6, 7, 8, 9, 10, 11, 12, 13, 14, 15, 16, 17"
2022,1734603926932,1734603928055,1123,null,"1, 3, 4, 5, 6, 7, 8, 9, 10, 11, 12, 13, 14, 15, 16, 17"
2023,1734603926963,1734603928608,1645,null,"1, 3, 4, 5, 6, 7, 8, 9, 10, 11, 12, 13, 14, 15, 16, 17"
2024,1734603926964,1734603927827,863,null,"1, 3, 4, 5, 6, 7, 8, 9, 10, 11, 12, 13, 14, 15, 16, 17"
2025,1734603926965,1734603928263,1298,null,"1, 3, 4, 5, 6, 7, 8, 9, 10, 11, 12, 13, 14, 15, 16, 17"
2026,1734603927073,1734603928308,1235,null,"1, 3, 4, 5, 6, 7, 8, 9, 10, 11, 12, 13, 14, 15, 16, 17"
2027,1734603927074,1734603928716,1642,null,"1, 3, 4, 5, 6, 7, 8, 9, 10, 11, 12, 13, 14, 15, 16, 17"
2028,1734603927076,1734603928308,1232,null,"1, 3, 4, 5, 6, 7, 8, 9, 10, 11, 12, 13, 14, 15, 16, 17"
2029,1734603927130,1734603928456,1326,null,"1, 3, 4, 5, 6, 7, 8, 9, 10, 11, 12, 13, 14, 15, 16, 17"
2030,1734603927132,1734603928308,1176,null,"1, 3, 4, 5, 6, 7, 8, 9, 10, 11, 12, 13, 14, 15, 16, 17"
2031,1734603927133,1734603928485,1352,null,"1, 3, 4, 5, 6, 7, 8, 9, 10, 11, 12, 13, 14, 15, 16, 17"
2032,1734603927195,1734603928608,1413,null,"1, 3, 4, 5, 6, 7, 8, 9, 10, 11, 12, 13, 14, 15, 16, 17"
2033,1734603927196,1734603928608,1412,null,"1, 3, 4, 5, 6, 7, 8, 9, 10, 11, 12, 13, 14, 15, 16, 17"
2034,1734603927275,1734603928663,1388,null,"1, 3, 4, 5, 6, 7, 8, 9, 10, 11, 12, 13, 14, 15, 16, 17"
2035,1734603927391,1734603928959,1568,null,"1, 3, 4, 5, 6, 7, 8, 9, 10, 11, 12, 13, 14, 15, 16, 17"
2036,1734603927466,1734603928963,1497,null,"1, 3, 4, 5, 6, 7, 8, 9, 10, 11, 12, 13, 14, 15, 16, 17"
2037,1734603927477,1734603929182,1705,null,"1, 3, 4, 5, 6, 7, 8, 9, 10, 11, 12, 13, 14, 15, 16, 17"
2038,1734603927500,1734603928955,1455,null,"1, 3, 4, 5, 6, 7, 8, 9, 10, 11, 12, 13, 14, 15, 16, 17"
2039,1734603927501,1734603928310,809,null,"1, 3, 4, 5, 6, 7, 8, 9, 10, 11, 12, 13, 14, 15, 16, 17"
2040,1734603927503,1734603929204,1701,null,"1, 3, 4, 5, 6, 7, 8, 9, 10, 11, 12, 13, 14, 15, 16, 17"
2041,1734603927556,1734603928802,1246,null,"1, 3, 4, 5, 6, 7, 8, 9, 10, 11, 12, 13, 14, 15, 16, 17"
2042,1734603927557,1734603929182,1625,null,"1, 3, 4, 5, 6, 7, 8, 9, 10, 11, 12, 13, 14, 15, 16, 17"
2043,1734603927636,1734603929372,1736,null,"1, 3, 4, 5, 6, 7, 8, 9, 10, 11, 12, 13, 14, 15, 16, 17"
2044,1734603927695,1734603929260,1565,null,"1, 3, 4, 5, 6, 7, 8, 9, 10, 11, 12, 13, 14, 15, 16, 17"
2045,1734603927696,1734603929528,1832,null,"1, 3, 4, 5, 6, 7, 8, 9, 10, 11, 12, 13, 14, 15, 16, 17"
2046,1734603927698,1734603928833,1135,null,"1, 3, 4, 5, 6, 7, 8, 9, 10, 11, 12, 13, 14, 15, 16, 17"
2047,1734603927699,1734603929182,1483,null,"1, 3, 4, 5, 6, 7, 8, 9, 10, 11, 12, 13, 14, 15, 16, 17"
2048,1734603927702,1734603928964,1262,null,"1, 3, 4, 5, 6, 7, 8, 9, 10, 11, 12, 13, 14, 15, 16, 17"
2049,1734603927704,1734603928964,1260,null,"1, 3, 4, 5, 6, 7, 8, 9, 10, 11, 12, 13, 14, 15, 16, 17"
2050,1734603927709,1734603928959,1250,null,"1, 3, 4, 5, 6, 7, 8, 9, 10, 11, 12, 13, 14, 15, 16, 17"
2051,1734603927710,1734603929375,1665,null,"1, 3, 4, 5, 6, 7, 8, 9, 10, 11, 12, 13, 14, 15, 16, 17"
2052,1734603927756,1734603928927,1171,null,"1, 3, 4, 5, 6, 7, 8, 9, 10, 11, 12, 13, 14, 15, 16, 17"
2053,1734603927757,1734603929066,1309,null,"1, 3, 4, 5, 6, 7, 8, 9, 10, 11, 12, 13, 14, 15, 16, 17"
2054,1734603927766,1734603928963,1197,null,"1, 3, 4, 5, 6, 7, 8, 9, 10, 11, 12, 13, 14, 15, 16, 17"
2055,1734603927801,1734603929372,1571,null,"1, 3, 4, 5, 6, 7, 8, 9, 10, 11, 12, 13, 14, 15, 16, 17"
2056,1734603927802,1734603929067,1265,null,"1, 3, 4, 5, 6, 7, 8, 9, 10, 11, 12, 13, 14, 15, 16, 17"
2057,1734603927906,1734603929587,1681,null,"1, 3, 4, 5, 6, 7, 8, 9, 10, 11, 12, 13, 14, 15, 16, 17"
2058,1734603927961,1734603929709,1748,null,"1, 3, 4, 5, 6, 7, 8, 9, 10, 11, 12, 13, 14, 15, 16, 17"
2059,1734603927962,1734603929182,1220,null,"1, 3, 4, 5, 6, 7, 8, 9, 10, 11, 12, 13, 14, 15, 16, 17"
2060,1734603927964,1734603929581,1617,null,"1, 3, 4, 5, 6, 7, 8, 9, 10, 11, 12, 13, 14, 15, 16, 17"
2061,1734603927965,1734603929372,1407,null,"1, 3, 4, 5, 6, 7, 8, 9, 10, 11, 12, 13, 14, 15, 16, 17"
2062,1734603927966,1734603929264,1298,null,"1, 3, 4, 5, 6, 7, 8, 9, 10, 11, 12, 13, 14, 15, 16, 17"
2063,1734603927968,1734603929815,1847,null,"1, 3, 4, 5, 6, 7, 8, 9, 10, 11, 12, 13, 14, 15, 16, 17"
2064,1734603927969,1734603929814,1845,null,"1, 3, 4, 5, 6, 7, 8, 9, 10, 11, 12, 13, 14, 15, 16, 17"
2065,1734603927970,1734603928974,1004,null,"1, 3, 4, 5, 6, 7, 8, 9, 10, 11, 12, 13, 14, 15, 16, 17"
2066,1734603927972,1734603928992,1020,null,"1, 3, 4, 5, 6, 7, 8, 9, 10, 11, 12, 13, 14, 15, 16, 17"
2067,1734603927973,1734603929066,1093,null,"1, 3, 4, 5, 6, 7, 8, 9, 10, 11, 12, 13, 14, 15, 16, 17"
2068,1734603927974,1734603929528,1554,null,"1, 3, 4, 5, 6, 7, 8, 9, 10, 11, 12, 13, 14, 15, 16, 17"
2069,1734603927976,1734603928959,983,null,"1, 3, 4, 5, 6, 7, 8, 9, 10, 11, 12, 13, 14, 15, 16, 17"
2070,1734603927977,1734603929183,1206,null,"1, 3, 4, 5, 6, 7, 8, 9, 10, 11, 12, 13, 14, 15, 16, 17"
2071,1734603927979,1734603928757,778,null,"1, 3, 4, 5, 6, 7, 8, 9, 10, 11, 12, 13, 14, 15, 16, 17"
2072,1734603927980,1734603928997,1017,null,"1, 3, 4, 5, 6, 7, 8, 9, 10, 11, 12, 13, 14, 15, 16, 17"
2073,1734603928054,1734603929527,1473,null,"1, 3, 4, 5, 6, 7, 8, 9, 10, 11, 12, 13, 14, 15, 16, 17"
2074,1734603928055,1734603929815,1760,null,"1, 3, 4, 5, 6, 7, 8, 9, 10, 11, 12, 13, 14, 15, 16, 17"
2075,1734603928157,1734603929174,1017,null,"1, 3, 4, 5, 6, 7, 8, 9, 10, 11, 12, 13, 14, 15, 16, 17"
2076,1734603928167,1734603929528,1361,null,"1, 3, 4, 5, 6, 7, 8, 9, 10, 11, 12, 13, 14, 15, 16, 17"
2077,1734603928235,1734603929372,1137,null,"1, 3, 4, 5, 6, 7, 8, 9, 10, 11, 12, 13, 14, 15, 16, 17"
2078,1734603928236,1734603929581,1345,null,"1, 3, 4, 5, 6, 7, 8, 9, 10, 11, 12, 13, 14, 15, 16, 17"
2079,1734603928341,1734603929940,1599,null,"1, 3, 4, 5, 6, 7, 8, 9, 10, 11, 12, 13, 14, 15, 16, 17"
2080,1734603928342,1734603929709,1367,null,"1, 3, 4, 5, 6, 7, 8, 9, 10, 11, 12, 13, 14, 15, 16, 17"
2081,1734603928344,1734603929527,1183,null,"1, 3, 4, 5, 6, 7, 8, 9, 10, 11, 12, 13, 14, 15, 16, 17"
2082,1734603928345,1734603929814,1469,null,"1, 3, 4, 5, 6, 7, 8, 9, 10, 11, 12, 13, 14, 15, 16, 17"
2083,1734603928452,1734603929737,1285,null,"1, 3, 4, 5, 6, 7, 8, 9, 10, 11, 12, 13, 14, 15, 16, 17"
2084,1734603928453,1734603929815,1362,null,"1, 3, 4, 5, 6, 7, 8, 9, 10, 11, 12, 13, 14, 15, 16, 17"
2085,1734603928579,1734603929938,1359,null,"1, 3, 4, 5, 6, 7, 8, 9, 10, 11, 12, 13, 14, 15, 16, 17"
2086,1734603928625,1734603929940,1315,null,"1, 3, 4, 5, 6, 7, 8, 9, 10, 11, 12, 13, 14, 15, 16, 17"
2087,1734603928626,1734603930030,1404,null,"1, 3, 4, 5, 6, 7, 8, 9, 10, 11, 12, 13, 14, 15, 16, 17"
2088,1734603928631,1734603930209,1578,null,"1, 3, 4, 5, 6, 7, 8, 9, 10, 11, 12, 13, 14, 15, 16, 17"
2089,1734603928715,1734603930058,1343,null,"1, 3, 4, 5, 6, 7, 8, 9, 10, 11, 12, 13, 14, 15, 16, 17"
2090,1734603928719,1734603930108,1389,null,"1, 3, 4, 5, 6, 7, 8, 9, 10, 11, 12, 13, 14, 15, 16, 17"
2091,1734603928724,1734603929938,1214,null,"1, 3, 4, 5, 6, 7, 8, 9, 10, 11, 12, 13, 14, 15, 16, 17"
2092,1734603928788,1734603930212,1424,null,"1, 3, 4, 5, 6, 7, 8, 9, 10, 11, 12, 13, 14, 15, 16, 17"
2093,1734603928789,1734603929993,1204,null,"1, 3, 4, 5, 6, 7, 8, 9, 10, 11, 12, 13, 14, 15, 16, 17"
2094,1734603928831,1734603930172,1341,null,"1, 3, 4, 5, 6, 7, 8, 9, 10, 11, 12, 13, 14, 15, 16, 17"
2095,1734603928832,1734603930209,1377,null,"1, 3, 4, 5, 6, 7, 8, 9, 10, 11, 12, 13, 14, 15, 16, 17"
2096,1734603928834,1734603929971,1137,null,"1, 3, 4, 5, 6, 7, 8, 9, 10, 11, 12, 13, 14, 15, 16, 17"
2097,1734603928976,1734603930058,1082,null,"1, 3, 4, 5, 6, 7, 8, 9, 10, 11, 12, 13, 14, 15, 16, 17"
2098,1734603928977,1734603930376,1399,null,"1, 3, 4, 5, 6, 7, 8, 9, 10, 11, 12, 13, 14, 15, 16, 17"
2099,1734603928983,1734603930574,1591,null,"1, 3, 4, 5, 6, 7, 8, 9, 10, 11, 12, 13, 14, 15, 16, 17"
2100,1734603929079,1734603930228,1149,null,"1, 3, 4, 5, 6, 7, 8, 9, 10, 11, 12, 13, 14, 15, 16, 17"
2101,1734603929086,1734603930209,1123,null,"1, 3, 4, 5, 6, 7, 8, 9, 10, 11, 12, 13, 14, 15, 16, 17"
2102,1734603929210,1734603930145,935,null,"1, 3, 4, 5, 6, 7, 8, 9, 10, 11, 12, 13, 14, 15, 16, 17"
2103,1734603929211,1734603930209,998,null,"1, 3, 4, 5, 6, 7, 8, 9, 10, 11, 12, 13, 14, 15, 16, 17"
2104,1734603929212,1734603930394,1182,null,"1, 3, 4, 5, 6, 7, 8, 9, 10, 11, 12, 13, 14, 15, 16, 17"
2105,1734603929298,1734603930574,1276,null,"1, 3, 4, 5, 6, 7, 8, 9, 10, 11, 12, 13, 14, 15, 16, 17"
2106,1734603929299,1734603930579,1280,null,"1, 3, 4, 5, 6, 7, 8, 9, 10, 11, 12, 13, 14, 15, 16, 17"
2107,1734603929301,1734603930429,1128,null,"1, 3, 4, 5, 6, 7, 8, 9, 10, 11, 12, 13, 14, 15, 16, 17"
2108,1734603929377,1734603930621,1244,null,"1, 3, 4, 5, 6, 7, 8, 9, 10, 11, 12, 13, 14, 15, 16, 17"
2109,1734603929378,1734603930419,1041,null,"1, 3, 4, 5, 6, 7, 8, 9, 10, 11, 12, 13, 14, 15, 16, 17"
2110,1734603929389,1734603930622,1233,null,"1, 3, 4, 5, 6, 7, 8, 9, 10, 11, 12, 13, 14, 15, 16, 17"
2111,1734603929456,1734603930426,970,null,"1, 3, 4, 5, 6, 7, 8, 9, 10, 11, 12, 13, 14, 15, 16, 17"
2112,1734603929457,1734603930574,1117,null,"1, 3, 4, 5, 6, 7, 8, 9, 10, 11, 12, 13, 14, 15, 16, 17"
2113,1734603929459,1734603930757,1298,null,"1, 3, 4, 5, 6, 7, 8, 9, 10, 11, 12, 13, 14, 15, 16, 17"
2114,1734603929542,1734603930832,1290,null,"1, 3, 4, 5, 6, 7, 8, 9, 10, 11, 12, 13, 14, 15, 16, 17"
2115,1734603929543,1734603930722,1179,null,"1, 3, 4, 5, 6, 7, 8, 9, 10, 11, 12, 13, 14, 15, 16, 17"
2116,1734603929544,1734603930742,1198,null,"1, 3, 4, 5, 6, 7, 8, 9, 10, 11, 12, 13, 14, 15, 16, 17"
2117,1734603929664,1734603931000,1336,null,"1, 3, 4, 5, 6, 7, 8, 9, 10, 11, 12, 13, 14, 15, 16, 17"
2118,1734603929669,1734603930450,781,null,"1, 3, 4, 5, 6, 7, 8, 9, 10, 11, 12, 13, 14, 15, 16, 17"
2119,1734603929715,1734603930753,1038,null,"1, 3, 4, 5, 6, 7, 8, 9, 10, 11, 12, 13, 14, 15, 16, 17"
2120,1734603929716,1734603930852,1136,null,"1, 3, 4, 5, 6, 7, 8, 9, 10, 11, 12, 13, 14, 15, 16, 17"
2121,1734603929762,1734603930776,1014,null,"1, 3, 4, 5, 6, 7, 8, 9, 10, 11, 12, 13, 14, 15, 16, 17"
2122,1734603929768,1734603930618,850,null,"1, 3, 4, 5, 6, 7, 8, 9, 10, 11, 12, 13, 14, 15, 16, 17"
2123,1734603929769,1734603930986,1217,null,"1, 3, 4, 5, 6, 7, 8, 9, 10, 11, 12, 13, 14, 15, 16, 17"
2124,1734603929845,1734603930733,888,null,"1, 3, 4, 5, 6, 7, 8, 9, 10, 11, 12, 13, 14, 15, 16, 17"
2125,1734603929988,1734603930856,868,null,"1, 3, 4, 5, 6, 7, 8, 9, 10, 11, 12, 13, 14, 15, 16, 17"
2126,1734603929999,1734603931189,1190,null,"1, 3, 4, 5, 6, 7, 8, 9, 10, 11, 12, 13, 14, 15, 16, 17"
2127,1734603930045,1734603931083,1038,null,"1, 3, 4, 5, 6, 7, 8, 9, 10, 11, 12, 13, 14, 15, 16, 17"
2128,1734603930046,1734603931271,1225,null,"1, 3, 4, 5, 6, 7, 8, 9, 10, 11, 12, 13, 14, 15, 16, 17"
2129,1734603930047,1734603931083,1036,null,"1, 3, 4, 5, 6, 7, 8, 9, 10, 11, 12, 13, 14, 15, 16, 17"
2130,1734603930117,1734603931215,1098,null,"1, 3, 4, 5, 6, 7, 8, 9, 10, 11, 12, 13, 14, 15, 16, 17"
2131,1734603930149,1734603931189,1040,null,"1, 3, 4, 5, 6, 7, 8, 9, 10, 11, 12, 13, 14, 15, 16, 17"
2132,1734603930151,1734603931215,1064,null,"1, 3, 4, 5, 6, 7, 8, 9, 10, 11, 12, 13, 14, 15, 16, 17"
2133,1734603930190,1734603931189,999,null,"1, 3, 4, 5, 6, 7, 8, 9, 10, 11, 12, 13, 14, 15, 16, 17"
2134,1734603930191,1734603931092,901,null,"1, 3, 4, 5, 6, 7, 8, 9, 10, 11, 12, 13, 14, 15, 16, 17"
2135,1734603930192,1734603931365,1173,null,"1, 3, 4, 5, 6, 7, 8, 9, 10, 11, 12, 13, 14, 15, 16, 17"
2136,1734603930245,1734603931419,1174,null,"1, 3, 4, 5, 6, 7, 8, 9, 10, 11, 12, 13, 14, 15, 16, 17"
2137,1734603930246,1734603931189,943,null,"1, 3, 4, 5, 6, 7, 8, 9, 10, 11, 12, 13, 14, 15, 16, 17"
2138,1734603930247,1734603931365,1118,null,"1, 3, 4, 5, 6, 7, 8, 9, 10, 11, 12, 13, 14, 15, 16, 17"
2139,1734603930348,1734603931614,1266,null,"1, 3, 4, 5, 6, 7, 8, 9, 10, 11, 12, 13, 14, 15, 16, 17"
2140,1734603930349,1734603931369,1020,null,"1, 3, 4, 5, 6, 7, 8, 9, 10, 11, 12, 13, 14, 15, 16, 17"
2141,1734603930394,1734603931365,971,null,"1, 3, 4, 5, 6, 7, 8, 9, 10, 11, 12, 13, 14, 15, 16, 17"
2142,1734603930396,1734603931365,969,null,"1, 3, 4, 5, 6, 7, 8, 9, 10, 11, 12, 13, 14, 15, 16, 17"
2143,1734603930452,1734603931664,1212,null,"1, 3, 4, 5, 6, 7, 8, 9, 10, 11, 12, 13, 14, 15, 16, 17"
2144,1734603930453,1734603931369,916,null,"1, 3, 4, 5, 6, 7, 8, 9, 10, 11, 12, 13, 14, 15, 16, 17"
2145,1734603930454,1734603931369,915,null,"1, 3, 4, 5, 6, 7, 8, 9, 10, 11, 12, 13, 14, 15, 16, 17"
2146,1734603930510,1734603931484,974,null,"1, 3, 4, 5, 6, 7, 8, 9, 10, 11, 12, 13, 14, 15, 16, 17"
2147,1734603930511,1734603931221,710,null,"1, 3, 4, 5, 6, 7, 8, 9, 10, 11, 12, 13, 14, 15, 16, 17"
2148,1734603930572,1734603931615,1043,null,"1, 3, 4, 5, 6, 7, 8, 9, 10, 11, 12, 13, 14, 15, 16, 17"
2149,1734603930574,1734603931614,1040,null,"1, 3, 4, 5, 6, 7, 8, 9, 10, 11, 12, 13, 14, 15, 16, 17"
2150,1734603930582,1734603931398,816,null,"1, 3, 4, 5, 6, 7, 8, 9, 10, 11, 12, 13, 14, 15, 16, 17"
2151,1734603930652,1734603931741,1089,null,"1, 3, 4, 5, 6, 7, 8, 9, 10, 11, 12, 13, 14, 15, 16, 17"
2152,1734603930654,1734603931833,1179,null,"1, 3, 4, 5, 6, 7, 8, 9, 10, 11, 12, 13, 14, 15, 16, 17"
2153,1734603930655,1734603931888,1233,null,"1, 3, 4, 5, 6, 7, 8, 9, 10, 11, 12, 13, 14, 15, 16, 17"
2154,1734603930749,1734603931664,915,null,"1, 3, 4, 5, 6, 7, 8, 9, 10, 11, 12, 13, 14, 15, 16, 17"
2155,1734603930754,1734603931831,1077,null,"1, 3, 4, 5, 6, 7, 8, 9, 10, 11, 12, 13, 14, 15, 16, 17"
2156,1734603930775,1734603931664,889,null,"1, 3, 4, 5, 6, 7, 8, 9, 10, 11, 12, 13, 14, 15, 16, 17"
2157,1734603930821,1734603931823,1002,null,"1, 3, 4, 5, 6, 7, 8, 9, 10, 11, 12, 13, 14, 15, 16, 17"
2158,1734603930822,1734603931369,547,null,"1, 3, 4, 5, 6, 7, 8, 9, 10, 11, 12, 13, 14, 15, 16, 17"
2159,1734603930915,1734603932097,1182,null,"1, 3, 4, 5, 6, 7, 8, 9, 10, 11, 12, 13, 14, 15, 16, 17"
2160,1734603930916,1734603931792,876,null,"1, 3, 4, 5, 6, 7, 8, 9, 10, 11, 12, 13, 14, 15, 16, 17"
2161,1734603930918,1734603932097,1179,null,"1, 3, 4, 5, 6, 7, 8, 9, 10, 11, 12, 13, 14, 15, 16, 17"
2162,1734603930919,1734603931793,874,null,"1, 3, 4, 5, 6, 7, 8, 9, 10, 11, 12, 13, 14, 15, 16, 17"
2163,1734603930982,1734603932189,1207,null,"1, 3, 4, 5, 6, 7, 8, 9, 10, 11, 12, 13, 14, 15, 16, 17"
2164,1734603930983,1734603931614,631,null,"1, 3, 4, 5, 6, 7, 8, 9, 10, 11, 12, 13, 14, 15, 16, 17"
2165,1734603931037,1734603932220,1183,null,"1, 3, 4, 5, 6, 7, 8, 9, 10, 11, 12, 13, 14, 15, 16, 17"
2166,1734603931038,1734603931761,723,null,"1, 3, 4, 5, 6, 7, 8, 9, 10, 11, 12, 13, 14, 15, 16, 17"
2167,1734603931040,1734603931967,927,null,"1, 3, 4, 5, 6, 7, 8, 9, 10, 11, 12, 13, 14, 15, 16, 17"
2168,1734603931073,1734603931933,860,null,"1, 3, 4, 5, 6, 7, 8, 9, 10, 11, 12, 13, 14, 15, 16, 17"
2169,1734603931074,1734603931748,674,null,"1, 3, 4, 5, 6, 7, 8, 9, 10, 11, 12, 13, 14, 15, 16, 17"
2170,1734603931147,1734603932219,1072,null,"1, 3, 4, 5, 6, 7, 8, 9, 10, 11, 12, 13, 14, 15, 16, 17"
2171,1734603931179,1734603932220,1041,null,"1, 3, 4, 5, 6, 7, 8, 9, 10, 11, 12, 13, 14, 15, 16, 17"
2172,1734603931215,1734603932097,882,null,"1, 3, 4, 5, 6, 7, 8, 9, 10, 11, 12, 13, 14, 15, 16, 17"
2173,1734603931220,1734603932220,1000,null,"1, 3, 4, 5, 6, 7, 8, 9, 10, 11, 12, 13, 14, 15, 16, 17"
2174,1734603931330,1734603932531,1201,null,"1, 3, 4, 5, 6, 7, 8, 9, 10, 11, 12, 13, 14, 15, 16, 17"
2175,1734603931371,1734603932627,1256,null,"1, 3, 4, 5, 6, 7, 8, 9, 10, 11, 12, 13, 14, 15, 16, 17"
2176,1734603931372,1734603932386,1014,null,"1, 3, 4, 5, 6, 7, 8, 9, 10, 11, 12, 13, 14, 15, 16, 17"
2177,1734603931421,1734603932627,1206,null,"1, 3, 4, 5, 6, 7, 8, 9, 10, 11, 12, 13, 14, 15, 16, 17"
2178,1734603931423,1734603932414,991,null,"1, 3, 4, 5, 6, 7, 8, 9, 10, 11, 12, 13, 14, 15, 16, 17"
2179,1734603931424,1734603932448,1024,null,"1, 3, 4, 5, 6, 7, 8, 9, 10, 11, 12, 13, 14, 15, 16, 17"
2180,1734603931501,1734603932294,793,null,"1, 3, 4, 5, 6, 7, 8, 9, 10, 11, 12, 13, 14, 15, 16, 17"
2181,1734603931507,1734603932628,1121,null,"1, 3, 4, 5, 6, 7, 8, 9, 10, 11, 12, 13, 14, 15, 16, 17"
2182,1734603931560,1734603932448,888,null,"1, 3, 4, 5, 6, 7, 8, 9, 10, 11, 12, 13, 14, 15, 16, 17"
2183,1734603931561,1734603932294,733,null,"1, 3, 4, 5, 6, 7, 8, 9, 10, 11, 12, 13, 14, 15, 16, 17"
2184,1734603931616,1734603932628,1012,null,"1, 3, 4, 5, 6, 7, 8, 9, 10, 11, 12, 13, 14, 15, 16, 17"
2185,1734603931617,1734603932627,1010,null,"1, 3, 4, 5, 6, 7, 8, 9, 10, 11, 12, 13, 14, 15, 16, 17"
2186,1734603931704,1734603932628,924,null,"1, 3, 4, 5, 6, 7, 8, 9, 10, 11, 12, 13, 14, 15, 16, 17"
2187,1734603931751,1734603932706,955,null,"1, 3, 4, 5, 6, 7, 8, 9, 10, 11, 12, 13, 14, 15, 16, 17"
2188,1734603931752,1734603932627,875,null,"1, 3, 4, 5, 6, 7, 8, 9, 10, 11, 12, 13, 14, 15, 16, 17"
2189,1734603931753,1734603932854,1101,null,"1, 3, 4, 5, 6, 7, 8, 9, 10, 11, 12, 13, 14, 15, 16, 17"
2190,1734603931816,1734603932796,980,null,"1, 3, 4, 5, 6, 7, 8, 9, 10, 11, 12, 13, 14, 15, 16, 17"
2191,1734603931818,1734603932905,1087,null,"1, 3, 4, 5, 6, 7, 8, 9, 10, 11, 12, 13, 14, 15, 16, 17"
2192,1734603931819,1734603933008,1189,null,"1, 3, 4, 5, 6, 7, 8, 9, 10, 11, 12, 13, 14, 15, 16, 17"
2193,1734603931875,1734603932905,1030,null,"1, 3, 4, 5, 6, 7, 8, 9, 10, 11, 12, 13, 14, 15, 16, 17"
2194,1734603931884,1734603933131,1247,null,"1, 3, 4, 5, 6, 7, 8, 9, 10, 11, 12, 13, 14, 15, 16, 17"
2195,1734603931944,1734603932905,961,null,"1, 3, 4, 5, 6, 7, 8, 9, 10, 11, 12, 13, 14, 15, 16, 17"
2196,1734603931949,1734603932795,846,null,"1, 3, 4, 5, 6, 7, 8, 9, 10, 11, 12, 13, 14, 15, 16, 17"
2197,1734603931983,1734603933177,1194,null,"1, 3, 4, 5, 6, 7, 8, 9, 10, 11, 12, 13, 14, 15, 16, 17"
2198,1734603931984,1734603933177,1193,null,"1, 3, 4, 5, 6, 7, 8, 9, 10, 11, 12, 13, 14, 15, 16, 17"
2199,1734603932043,1734603932640,597,null,"1, 3, 4, 5, 6, 7, 8, 9, 10, 11, 12, 13, 14, 15, 16, 17"
2200,1734603932052,1734603933234,1182,null,"1, 3, 4, 5, 6, 7, 8, 9, 10, 11, 12, 13, 14, 15, 16, 17"
2201,1734603932124,1734603933184,1060,null,"1, 3, 4, 5, 6, 7, 8, 9, 10, 11, 12, 13, 14, 15, 16, 17"
2202,1734603932125,1734603933184,1059,null,"1, 3, 4, 5, 6, 7, 8, 9, 10, 11, 12, 13, 14, 15, 16, 17"
2203,1734603932191,1734603933320,1129,null,"1, 3, 4, 5, 6, 7, 8, 9, 10, 11, 12, 13, 14, 15, 16, 17"
2204,1734603932245,1734603933323,1078,null,"1, 3, 4, 5, 6, 7, 8, 9, 10, 11, 12, 13, 14, 15, 16, 17"
2205,1734603932246,1734603933350,1104,null,"1, 3, 4, 5, 6, 7, 8, 9, 10, 11, 12, 13, 14, 15, 16, 17"
2206,1734603932322,1734603933580,1258,null,"1, 3, 4, 5, 6, 7, 8, 9, 10, 11, 12, 13, 14, 15, 16, 17"
2207,1734603932324,1734603933496,1172,null,"1, 3, 4, 5, 6, 7, 8, 9, 10, 11, 12, 13, 14, 15, 16, 17"
2208,1734603932325,1734603933601,1276,null,"1, 3, 4, 5, 6, 7, 8, 9, 10, 11, 12, 13, 14, 15, 16, 17"
2209,1734603932367,1734603933496,1129,null,"1, 3, 4, 5, 6, 7, 8, 9, 10, 11, 12, 13, 14, 15, 16, 17"
2210,1734603932368,1734603933372,1004,null,"1, 3, 4, 5, 6, 7, 8, 9, 10, 11, 12, 13, 14, 15, 16, 17"
2211,1734603932398,1734603933496,1098,null,"1, 3, 4, 5, 6, 7, 8, 9, 10, 11, 12, 13, 14, 15, 16, 17"
2212,1734603932408,1734603933580,1172,null,"1, 3, 4, 5, 6, 7, 8, 9, 10, 11, 12, 13, 14, 15, 16, 17"
2213,1734603932413,1734603933733,1320,null,"1, 3, 4, 5, 6, 7, 8, 9, 10, 11, 12, 13, 14, 15, 16, 17"
2214,1734603932444,1734603933733,1289,null,"1, 3, 4, 5, 6, 7, 8, 9, 10, 11, 12, 13, 14, 15, 16, 17"
2215,1734603932446,1734603933946,1500,null,"1, 3, 4, 5, 6, 7, 8, 9, 10, 11, 12, 13, 14, 15, 16, 17"
2216,1734603932503,1734603933724,1221,null,"1, 3, 4, 5, 6, 7, 8, 9, 10, 11, 12, 13, 14, 15, 16, 17"
2217,1734603932504,1734603933596,1092,null,"1, 3, 4, 5, 6, 7, 8, 9, 10, 11, 12, 13, 14, 15, 16, 17"
2218,1734603932505,1734603934095,1590,null,"1, 3, 4, 5, 6, 7, 8, 9, 10, 11, 12, 13, 14, 15, 16, 17"
2219,1734603932573,1734603934170,1597,null,"1, 3, 4, 5, 6, 7, 8, 9, 10, 11, 12, 13, 14, 15, 16, 17"
2220,1734603932575,1734603933672,1097,null,"1, 3, 4, 5, 6, 7, 8, 9, 10, 11, 12, 13, 14, 15, 16, 17"
2221,1734603932576,1734603933815,1239,null,"1, 3, 4, 5, 6, 7, 8, 9, 10, 11, 12, 13, 14, 15, 16, 17"
2222,1734603932581,1734603934191,1610,null,"1, 3, 4, 5, 6, 7, 8, 9, 10, 11, 12, 13, 14, 15, 16, 17"
2223,1734603932582,1734603933962,1380,null,"1, 3, 4, 5, 6, 7, 8, 9, 10, 11, 12, 13, 14, 15, 16, 17"
2224,1734603932583,1734603933734,1151,null,"1, 3, 4, 5, 6, 7, 8, 9, 10, 11, 12, 13, 14, 15, 16, 17"
2225,1734603932643,1734603933955,1312,null,"1, 3, 4, 5, 6, 7, 8, 9, 10, 11, 12, 13, 14, 15, 16, 17"
2226,1734603932644,1734603933883,1239,null,"1, 3, 4, 5, 6, 7, 8, 9, 10, 11, 12, 13, 14, 15, 16, 17"
2227,1734603932726,1734603933920,1194,null,"1, 3, 4, 5, 6, 7, 8, 9, 10, 11, 12, 13, 14, 15, 16, 17"
2228,1734603932727,1734603933982,1255,null,"1, 3, 4, 5, 6, 7, 8, 9, 10, 11, 12, 13, 14, 15, 16, 17"
2229,1734603932728,1734603933816,1088,null,"1, 3, 4, 5, 6, 7, 8, 9, 10, 11, 12, 13, 14, 15, 16, 17"
2230,1734603932810,1734603934318,1508,null,"1, 3, 4, 5, 6, 7, 8, 9, 10, 11, 12, 13, 14, 15, 16, 17"
2231,1734603932812,1734603933815,1003,null,"1, 3, 4, 5, 6, 7, 8, 9, 10, 11, 12, 13, 14, 15, 16, 17"
2232,1734603932813,1734603934231,1418,null,"1, 3, 4, 5, 6, 7, 8, 9, 10, 11, 12, 13, 14, 15, 16, 17"
2233,1734603932868,1734603934490,1622,null,"1, 3, 4, 5, 6, 7, 8, 9, 10, 11, 12, 13, 14, 15, 16, 17"
2234,1734603932870,1734603933815,945,null,"1, 3, 4, 5, 6, 7, 8, 9, 10, 11, 12, 13, 14, 15, 16, 17"
2235,1734603932871,1734603934171,1300,null,"1, 3, 4, 5, 6, 7, 8, 9, 10, 11, 12, 13, 14, 15, 16, 17"
2236,1734603932942,1734603934229,1287,null,"1, 3, 4, 5, 6, 7, 8, 9, 10, 11, 12, 13, 14, 15, 16, 17"
2237,1734603932943,1734603934055,1112,null,"1, 3, 4, 5, 6, 7, 8, 9, 10, 11, 12, 13, 14, 15, 16, 17"
2238,1734603932945,1734603934450,1505,null,"1, 3, 4, 5, 6, 7, 8, 9, 10, 11, 12, 13, 14, 15, 16, 17"
2239,1734603933005,1734603933724,719,null,"1, 3, 4, 5, 6, 7, 8, 9, 10, 11, 12, 13, 14, 15, 16, 17"
2240,1734603933006,1734603934425,1419,null,"1, 3, 4, 5, 6, 7, 8, 9, 10, 11, 12, 13, 14, 15, 16, 17"
2241,1734603933011,1734603934664,1653,null,"1, 3, 4, 5, 6, 7, 8, 9, 10, 11, 12, 13, 14, 15, 16, 17"
2242,1734603933012,1734603934516,1504,null,"1, 3, 4, 5, 6, 7, 8, 9, 10, 11, 12, 13, 14, 15, 16, 17"
2243,1734603933018,1734603934095,1077,null,"1, 3, 4, 5, 6, 7, 8, 9, 10, 11, 12, 13, 14, 15, 16, 17"
2244,1734603933019,1734603933815,796,null,"1, 3, 4, 5, 6, 7, 8, 9, 10, 11, 12, 13, 14, 15, 16, 17"
2245,1734603933020,1734603933733,713,null,"1, 3, 4, 5, 6, 7, 8, 9, 10, 11, 12, 13, 14, 15, 16, 17"
2246,1734603933021,1734603933949,928,null,"1, 3, 4, 5, 6, 7, 8, 9, 10, 11, 12, 13, 14, 15, 16, 17"
2247,1734603933061,1734603933816,755,null,"1, 3, 4, 5, 6, 7, 8, 9, 10, 11, 12, 13, 14, 15, 16, 17"
2248,1734603933062,1734603934450,1388,null,"1, 3, 4, 5, 6, 7, 8, 9, 10, 11, 12, 13, 14, 15, 16, 17"
2249,1734603933131,1734603934588,1457,null,"1, 3, 4, 5, 6, 7, 8, 9, 10, 11, 12, 13, 14, 15, 16, 17"
2250,1734603933204,1734603934327,1123,null,"1, 3, 4, 5, 6, 7, 8, 9, 10, 11, 12, 13, 14, 15, 16, 17"
2251,1734603933206,1734603934461,1255,null,"1, 3, 4, 5, 6, 7, 8, 9, 10, 11, 12, 13, 14, 15, 16, 17"
2252,1734603933265,1734603934388,1123,null,"1, 3, 4, 5, 6, 7, 8, 9, 10, 11, 12, 13, 14, 15, 16, 17"
2253,1734603933266,1734603934972,1706,null,"1, 3, 4, 5, 6, 7, 8, 9, 10, 11, 12, 13, 14, 15, 16, 17"
2254,1734603933275,1734603934458,1183,null,"1, 3, 4, 5, 6, 7, 8, 9, 10, 11, 12, 13, 14, 15, 16, 17"
2255,1734603933333,1734603934972,1639,null,"1, 3, 4, 5, 6, 7, 8, 9, 10, 11, 12, 13, 14, 15, 16, 17"
2256,1734603933334,1734603934664,1330,null,"1, 3, 4, 5, 6, 7, 8, 9, 10, 11, 12, 13, 14, 15, 16, 17"
2257,1734603933346,1734603934425,1079,null,"1, 3, 4, 5, 6, 7, 8, 9, 10, 11, 12, 13, 14, 15, 16, 17"
2258,1734603933348,1734603934305,957,null,"1, 3, 4, 5, 6, 7, 8, 9, 10, 11, 12, 13, 14, 15, 16, 17"
2259,1734603933349,1734603934972,1623,null,"1, 3, 4, 5, 6, 7, 8, 9, 10, 11, 12, 13, 14, 15, 16, 17"
2260,1734603933437,1734603934664,1227,null,"1, 3, 4, 5, 6, 7, 8, 9, 10, 11, 12, 13, 14, 15, 16, 17"
2261,1734603933438,1734603934989,1551,null,"1, 3, 4, 5, 6, 7, 8, 9, 10, 11, 12, 13, 14, 15, 16, 17"
2262,1734603933511,1734603935108,1597,null,"1, 3, 4, 5, 6, 7, 8, 9, 10, 11, 12, 13, 14, 15, 16, 17"
2263,1734603933513,1734603935115,1602,null,"1, 3, 4, 5, 6, 7, 8, 9, 10, 11, 12, 13, 14, 15, 16, 17"
2264,1734603933514,1734603935297,1783,null,"1, 3, 4, 5, 6, 7, 8, 9, 10, 11, 12, 13, 14, 15, 16, 17"
2265,1734603933618,1734603934972,1354,null,"1, 3, 4, 5, 6, 7, 8, 9, 10, 11, 12, 13, 14, 15, 16, 17"
2266,1734603933619,1734603935108,1489,null,"1, 3, 4, 5, 6, 7, 8, 9, 10, 11, 12, 13, 14, 15, 16, 17"
2267,1734603933740,1734603935538,1798,null,"1, 3, 4, 5, 6, 7, 8, 9, 10, 11, 12, 13, 14, 15, 16, 17"
2268,1734603933741,1734603935108,1367,null,"1, 3, 4, 5, 6, 7, 8, 9, 10, 11, 12, 13, 14, 15, 16, 17"
2269,1734603933743,1734603935108,1365,null,"1, 3, 4, 5, 6, 7, 8, 9, 10, 11, 12, 13, 14, 15, 16, 17"
2270,1734603933798,1734603934989,1191,null,"1, 3, 4, 5, 6, 7, 8, 9, 10, 11, 12, 13, 14, 15, 16, 17"
2271,1734603933903,1734603935178,1275,null,"1, 3, 4, 5, 6, 7, 8, 9, 10, 11, 12, 13, 14, 15, 16, 17"
2272,1734603933905,1734603935297,1392,null,"1, 3, 4, 5, 6, 7, 8, 9, 10, 11, 12, 13, 14, 15, 16, 17"
2273,1734603933906,1734603935340,1434,null,"1, 3, 4, 5, 6, 7, 8, 9, 10, 11, 12, 13, 14, 15, 16, 17"
2274,1734603934000,1734603935633,1633,null,"1, 3, 4, 5, 6, 7, 8, 9, 10, 11, 12, 13, 14, 15, 16, 17"
2275,1734603934001,1734603935108,1107,null,"1, 3, 4, 5, 6, 7, 8, 9, 10, 11, 12, 13, 14, 15, 16, 17"
2276,1734603934003,1734603935329,1326,null,"1, 3, 4, 5, 6, 7, 8, 9, 10, 11, 12, 13, 14, 15, 16, 17"
2277,1734603934103,1734603935581,1478,null,"1, 3, 4, 5, 6, 7, 8, 9, 10, 11, 12, 13, 14, 15, 16, 17"
2278,1734603934104,1734603935305,1201,null,"1, 3, 4, 5, 6, 7, 8, 9, 10, 11, 12, 13, 14, 15, 16, 17"
2279,1734603934106,1734603935538,1432,null,"1, 3, 4, 5, 6, 7, 8, 9, 10, 11, 12, 13, 14, 15, 16, 17"
2280,1734603934192,1734603935109,917,null,"1, 3, 4, 5, 6, 7, 8, 9, 10, 11, 12, 13, 14, 15, 16, 17"
2281,1734603934193,1734603935297,1104,null,"1, 3, 4, 5, 6, 7, 8, 9, 10, 11, 12, 13, 14, 15, 16, 17"
2282,1734603934195,1734603935574,1379,null,"1, 3, 4, 5, 6, 7, 8, 9, 10, 11, 12, 13, 14, 15, 16, 17"
2283,1734603934266,1734603935831,1565,null,"1, 3, 4, 5, 6, 7, 8, 9, 10, 11, 12, 13, 14, 15, 16, 17"
2284,1734603934268,1734603935710,1442,null,"1, 3, 4, 5, 6, 7, 8, 9, 10, 11, 12, 13, 14, 15, 16, 17"
2285,1734603934343,1734603935538,1195,null,"1, 3, 4, 5, 6, 7, 8, 9, 10, 11, 12, 13, 14, 15, 16, 17"
2286,1734603934354,1734603935950,1596,null,"1, 3, 4, 5, 6, 7, 8, 9, 10, 11, 12, 13, 14, 15, 16, 17"
2287,1734603934355,1734603935317,962,null,"1, 3, 4, 5, 6, 7, 8, 9, 10, 11, 12, 13, 14, 15, 16, 17"
2288,1734603934415,1734603935641,1226,null,"1, 3, 4, 5, 6, 7, 8, 9, 10, 11, 12, 13, 14, 15, 16, 17"
2289,1734603934416,1734603935950,1534,null,"1, 3, 4, 5, 6, 7, 8, 9, 10, 11, 12, 13, 14, 15, 16, 17"
2290,1734603934417,1734603935831,1414,null,"1, 3, 4, 5, 6, 7, 8, 9, 10, 11, 12, 13, 14, 15, 16, 17"
2291,1734603934419,1734603935538,1119,null,"1, 3, 4, 5, 6, 7, 8, 9, 10, 11, 12, 13, 14, 15, 16, 17"
2292,1734603934420,1734603935839,1419,null,"1, 3, 4, 5, 6, 7, 8, 9, 10, 11, 12, 13, 14, 15, 16, 17"
2293,1734603934477,1734603935538,1061,null,"1, 3, 4, 5, 6, 7, 8, 9, 10, 11, 12, 13, 14, 15, 16, 17"
2294,1734603934479,1734603936078,1599,null,"1, 3, 4, 5, 6, 7, 8, 9, 10, 11, 12, 13, 14, 15, 16, 17"
2295,1734603934480,1734603935574,1094,null,"1, 3, 4, 5, 6, 7, 8, 9, 10, 11, 12, 13, 14, 15, 16, 17"
2296,1734603934584,1734603935831,1247,null,"1, 3, 4, 5, 6, 7, 8, 9, 10, 11, 12, 13, 14, 15, 16, 17"
2297,1734603934587,1734603935757,1170,null,"1, 3, 4, 5, 6, 7, 8, 9, 10, 11, 12, 13, 14, 15, 16, 17"
2298,1734603934589,1734603935538,949,null,"1, 3, 4, 5, 6, 7, 8, 9, 10, 11, 12, 13, 14, 15, 16, 17"
2299,1734603934646,1734603935999,1353,null,"1, 3, 4, 5, 6, 7, 8, 9, 10, 11, 12, 13, 14, 15, 16, 17"
2300,1734603934651,1734603935950,1299,null,"1, 3, 4, 5, 6, 7, 8, 9, 10, 11, 12, 13, 14, 15, 16, 17"
2301,1734603934689,1734603936223,1534,null,"1, 3, 4, 5, 6, 7, 8, 9, 10, 11, 12, 13, 14, 15, 16, 17"
2302,1734603934690,1734603935998,1308,null,"1, 3, 4, 5, 6, 7, 8, 9, 10, 11, 12, 13, 14, 15, 16, 17"
2303,1734603934691,1734603935734,1043,null,"1, 3, 4, 5, 6, 7, 8, 9, 10, 11, 12, 13, 14, 15, 16, 17"
2304,1734603934692,1734603935998,1306,null,"1, 3, 4, 5, 6, 7, 8, 9, 10, 11, 12, 13, 14, 15, 16, 17"
2305,1734603934693,1734603935950,1257,null,"1, 3, 4, 5, 6, 7, 8, 9, 10, 11, 12, 13, 14, 15, 16, 17"
2306,1734603934695,1734603936066,1371,null,"1, 3, 4, 5, 6, 7, 8, 9, 10, 11, 12, 13, 14, 15, 16, 17"
2307,1734603934696,1734603936034,1338,null,"1, 3, 4, 5, 6, 7, 8, 9, 10, 11, 12, 13, 14, 15, 16, 17"
2308,1734603934697,1734603936076,1379,null,"1, 3, 4, 5, 6, 7, 8, 9, 10, 11, 12, 13, 14, 15, 16, 17"
2309,1734603934698,1734603936245,1547,null,"1, 3, 4, 5, 6, 7, 8, 9, 10, 11, 12, 13, 14, 15, 16, 17"
2310,1734603934700,1734603936223,1523,null,"1, 3, 4, 5, 6, 7, 8, 9, 10, 11, 12, 13, 14, 15, 16, 17"
2311,1734603934785,1734603935998,1213,null,"1, 3, 4, 5, 6, 7, 8, 9, 10, 11, 12, 13, 14, 15, 16, 17"
2312,1734603934786,1734603935998,1212,null,"1, 3, 4, 5, 6, 7, 8, 9, 10, 11, 12, 13, 14, 15, 16, 17"
2313,1734603934787,1734603935999,1212,null,"1, 3, 4, 5, 6, 7, 8, 9, 10, 11, 12, 13, 14, 15, 16, 17"
2314,1734603934990,1734603936508,1518,null,"1, 3, 4, 5, 6, 7, 8, 9, 10, 11, 12, 13, 14, 15, 16, 17"
2315,1734603934991,1734603936412,1421,null,"1, 3, 4, 5, 6, 7, 8, 9, 10, 11, 12, 13, 14, 15, 16, 17"
2316,1734603934992,1734603936226,1234,null,"1, 3, 4, 5, 6, 7, 8, 9, 10, 11, 12, 13, 14, 15, 16, 17"
2317,1734603935064,1734603936578,1514,null,"1, 3, 4, 5, 6, 7, 8, 9, 10, 11, 12, 13, 14, 15, 16, 17"
2318,1734603935065,1734603936711,1646,null,"1, 3, 4, 5, 6, 7, 8, 9, 10, 11, 12, 13, 14, 15, 16, 17"
2319,1734603935066,1734603936711,1645,null,"1, 3, 4, 5, 6, 7, 8, 9, 10, 11, 12, 13, 14, 15, 16, 17"
2320,1734603935146,1734603936525,1379,null,"1, 3, 4, 5, 6, 7, 8, 9, 10, 11, 12, 13, 14, 15, 16, 17"
2321,1734603935148,1734603936430,1282,null,"1, 3, 4, 5, 6, 7, 8, 9, 10, 11, 12, 13, 14, 15, 16, 17"
2322,1734603935231,1734603936223,992,null,"1, 3, 4, 5, 6, 7, 8, 9, 10, 11, 12, 13, 14, 15, 16, 17"
2323,1734603935232,1734603936372,1140,null,"1, 3, 4, 5, 6, 7, 8, 9, 10, 11, 12, 13, 14, 15, 16, 17"
2324,1734603935234,1734603936372,1138,null,"1, 3, 4, 5, 6, 7, 8, 9, 10, 11, 12, 13, 14, 15, 16, 17"
2325,1734603935302,1734603936711,1409,null,"1, 3, 4, 5, 6, 7, 8, 9, 10, 11, 12, 13, 14, 15, 16, 17"
2326,1734603935382,1734603936508,1126,null,"1, 3, 4, 5, 6, 7, 8, 9, 10, 11, 12, 13, 14, 15, 16, 17"
2327,1734603935383,1734603936346,963,null,"1, 3, 4, 5, 6, 7, 8, 9, 10, 11, 12, 13, 14, 15, 16, 17"
2328,1734603935480,1734603936642,1162,null,"1, 3, 4, 5, 6, 7, 8, 9, 10, 11, 12, 13, 14, 15, 16, 17"
2329,1734603935510,1734603936923,1413,null,"1, 3, 4, 5, 6, 7, 8, 9, 10, 11, 12, 13, 14, 15, 16, 17"
2330,1734603935511,1734603936712,1201,null,"1, 3, 4, 5, 6, 7, 8, 9, 10, 11, 12, 13, 14, 15, 16, 17"
2331,1734603935513,1734603936802,1289,null,"1, 3, 4, 5, 6, 7, 8, 9, 10, 11, 12, 13, 14, 15, 16, 17"
2332,1734603935574,1734603936711,1137,null,"1, 3, 4, 5, 6, 7, 8, 9, 10, 11, 12, 13, 14, 15, 16, 17"
2333,1734603935575,1734603936711,1136,null,"1, 3, 4, 5, 6, 7, 8, 9, 10, 11, 12, 13, 14, 15, 16, 17"
2334,1734603935681,1734603936923,1242,null,"1, 3, 4, 5, 6, 7, 8, 9, 10, 11, 12, 13, 14, 15, 16, 17"
2335,1734603935683,1734603936771,1088,null,"1, 3, 4, 5, 6, 7, 8, 9, 10, 11, 12, 13, 14, 15, 16, 17"
2336,1734603935760,1734603936802,1042,null,"1, 3, 4, 5, 6, 7, 8, 9, 10, 11, 12, 13, 14, 15, 16, 17"
2337,1734603935764,1734603936772,1008,null,"1, 3, 4, 5, 6, 7, 8, 9, 10, 11, 12, 13, 14, 15, 16, 17"
2338,1734603935775,1734603936923,1148,null,"1, 3, 4, 5, 6, 7, 8, 9, 10, 11, 12, 13, 14, 15, 16, 17"
2339,1734603935846,1734603936971,1125,null,"1, 3, 4, 5, 6, 7, 8, 9, 10, 11, 12, 13, 14, 15, 16, 17"
2340,1734603935847,1734603936711,864,null,"1, 3, 4, 5, 6, 7, 8, 9, 10, 11, 12, 13, 14, 15, 16, 17"
2341,1734603935848,1734603937172,1324,null,"1, 3, 4, 5, 6, 7, 8, 9, 10, 11, 12, 13, 14, 15, 16, 17"
2342,1734603935935,1734603937088,1153,null,"1, 3, 4, 5, 6, 7, 8, 9, 10, 11, 12, 13, 14, 15, 16, 17"
2343,1734603935936,1734603937172,1236,null,"1, 3, 4, 5, 6, 7, 8, 9, 10, 11, 12, 13, 14, 15, 16, 17"
2344,1734603935938,1734603936924,986,null,"1, 3, 4, 5, 6, 7, 8, 9, 10, 11, 12, 13, 14, 15, 16, 17"
2345,1734603936030,1734603937088,1058,null,"1, 3, 4, 5, 6, 7, 8, 9, 10, 11, 12, 13, 14, 15, 16, 17"
2346,1734603936031,1734603937489,1458,null,"1, 3, 4, 5, 6, 7, 8, 9, 10, 11, 12, 13, 14, 15, 16, 17"
2347,1734603936032,1734603936978,946,null,"1, 3, 4, 5, 6, 7, 8, 9, 10, 11, 12, 13, 14, 15, 16, 17"
2348,1734603936114,1734603937181,1067,null,"1, 3, 4, 5, 6, 7, 8, 9, 10, 11, 12, 13, 14, 15, 16, 17"
2349,1734603936195,1734603937278,1083,null,"1, 3, 4, 5, 6, 7, 8, 9, 10, 11, 12, 13, 14, 15, 16, 17"
2350,1734603936208,1734603937088,880,null,"1, 3, 4, 5, 6, 7, 8, 9, 10, 11, 12, 13, 14, 15, 16, 17"
2351,1734603936213,1734603937399,1186,null,"1, 3, 4, 5, 6, 7, 8, 9, 10, 11, 12, 13, 14, 15, 16, 17"
2352,1734603936214,1734603937192,978,null,"1, 3, 4, 5, 6, 7, 8, 9, 10, 11, 12, 13, 14, 15, 16, 17"
2353,1734603936349,1734603937399,1050,null,"1, 3, 4, 5, 6, 7, 8, 9, 10, 11, 12, 13, 14, 15, 16, 17"
2354,1734603936351,1734603937312,961,null,"1, 3, 4, 5, 6, 7, 8, 9, 10, 11, 12, 13, 14, 15, 16, 17"
2355,1734603936352,1734603937726,1374,null,"1, 3, 4, 5, 6, 7, 8, 9, 10, 11, 12, 13, 14, 15, 16, 17"
2356,1734603936397,1734603937555,1158,null,"1, 3, 4, 5, 6, 7, 8, 9, 10, 11, 12, 13, 14, 15, 16, 17"
2357,1734603936399,1734603937712,1313,null,"1, 3, 4, 5, 6, 7, 8, 9, 10, 11, 12, 13, 14, 15, 16, 17"
2358,1734603936436,1734603937278,842,null,"1, 3, 4, 5, 6, 7, 8, 9, 10, 11, 12, 13, 14, 15, 16, 17"
2359,1734603936457,1734603937612,1155,null,"1, 3, 4, 5, 6, 7, 8, 9, 10, 11, 12, 13, 14, 15, 16, 17"
2360,1734603936486,1734603937279,793,null,"1, 3, 4, 5, 6, 7, 8, 9, 10, 11, 12, 13, 14, 15, 16, 17"
2361,1734603936488,1734603937555,1067,null,"1, 3, 4, 5, 6, 7, 8, 9, 10, 11, 12, 13, 14, 15, 16, 17"
2362,1734603936548,1734603937587,1039,null,"1, 3, 4, 5, 6, 7, 8, 9, 10, 11, 12, 13, 14, 15, 16, 17"
2363,1734603936592,1734603937587,995,null,"1, 3, 4, 5, 6, 7, 8, 9, 10, 11, 12, 13, 14, 15, 16, 17"
2364,1734603936607,1734603937710,1103,null,"1, 3, 4, 5, 6, 7, 8, 9, 10, 11, 12, 13, 14, 15, 16, 17"
2365,1734603936609,1734603937591,982,null,"1, 3, 4, 5, 6, 7, 8, 9, 10, 11, 12, 13, 14, 15, 16, 17"
2366,1734603936683,1734603937879,1196,null,"1, 3, 4, 5, 6, 7, 8, 9, 10, 11, 12, 13, 14, 15, 16, 17"
2367,1734603936684,1734603937880,1196,null,"1, 3, 4, 5, 6, 7, 8, 9, 10, 11, 12, 13, 14, 15, 16, 17"
2368,1734603936685,1734603937752,1067,null,"1, 3, 4, 5, 6, 7, 8, 9, 10, 11, 12, 13, 14, 15, 16, 17"
2369,1734603936752,1734603937971,1219,null,"1, 3, 4, 5, 6, 7, 8, 9, 10, 11, 12, 13, 14, 15, 16, 17"
2370,1734603936753,1734603937753,1000,null,"1, 3, 4, 5, 6, 7, 8, 9, 10, 11, 12, 13, 14, 15, 16, 17"
2371,1734603936754,1734603937710,956,null,"1, 3, 4, 5, 6, 7, 8, 9, 10, 11, 12, 13, 14, 15, 16, 17"
2372,1734603936820,1734603937794,974,null,"1, 3, 4, 5, 6, 7, 8, 9, 10, 11, 12, 13, 14, 15, 16, 17"
2373,1734603936929,1734603937752,823,null,"1, 3, 4, 5, 6, 7, 8, 9, 10, 11, 12, 13, 14, 15, 16, 17"
2374,1734603936931,1734603938125,1194,null,"1, 3, 4, 5, 6, 7, 8, 9, 10, 11, 12, 13, 14, 15, 16, 17"
2375,1734603936956,1734603938114,1158,null,"1, 3, 4, 5, 6, 7, 8, 9, 10, 11, 12, 13, 14, 15, 16, 17"
2376,1734603936957,1734603938125,1168,null,"1, 3, 4, 5, 6, 7, 8, 9, 10, 11, 12, 13, 14, 15, 16, 17"
2377,1734603936959,1734603938125,1166,null,"1, 3, 4, 5, 6, 7, 8, 9, 10, 11, 12, 13, 14, 15, 16, 17"
2378,1734603937046,1734603938035,989,null,"1, 3, 4, 5, 6, 7, 8, 9, 10, 11, 12, 13, 14, 15, 16, 17"
2379,1734603937059,1734603937879,820,null,"1, 3, 4, 5, 6, 7, 8, 9, 10, 11, 12, 13, 14, 15, 16, 17"
2380,1734603937075,1734603938170,1095,null,"1, 3, 4, 5, 6, 7, 8, 9, 10, 11, 12, 13, 14, 15, 16, 17"
2381,1734603937076,1734603937979,903,null,"1, 3, 4, 5, 6, 7, 8, 9, 10, 11, 12, 13, 14, 15, 16, 17"
2382,1734603937127,1734603937916,789,null,"1, 3, 4, 5, 6, 7, 8, 9, 10, 11, 12, 13, 14, 15, 16, 17"
2383,1734603937136,1734603938129,993,null,"1, 3, 4, 5, 6, 7, 8, 9, 10, 11, 12, 13, 14, 15, 16, 17"
2384,1734603937216,1734603938125,909,null,"1, 3, 4, 5, 6, 7, 8, 9, 10, 11, 12, 13, 14, 15, 16, 17"
2385,1734603937217,1734603938035,818,null,"1, 3, 4, 5, 6, 7, 8, 9, 10, 11, 12, 13, 14, 15, 16, 17"
2386,1734603937219,1734603938179,960,null,"1, 3, 4, 5, 6, 7, 8, 9, 10, 11, 12, 13, 14, 15, 16, 17"
2387,1734603937275,1734603938153,878,null,"1, 3, 4, 5, 6, 7, 8, 9, 10, 11, 12, 13, 14, 15, 16, 17"
2388,1734603937276,1734603938179,903,null,"1, 3, 4, 5, 6, 7, 8, 9, 10, 11, 12, 13, 14, 15, 16, 17"
2389,1734603937350,1734603938606,1256,null,"1, 3, 4, 5, 6, 7, 8, 9, 10, 11, 12, 13, 14, 15, 16, 17"
2390,1734603937351,1734603938442,1091,null,"1, 3, 4, 5, 6, 7, 8, 9, 10, 11, 12, 13, 14, 15, 16, 17"
2391,1734603937356,1734603938442,1086,null,"1, 3, 4, 5, 6, 7, 8, 9, 10, 11, 12, 13, 14, 15, 16, 17"
2392,1734603937357,1734603938459,1102,null,"1, 3, 4, 5, 6, 7, 8, 9, 10, 11, 12, 13, 14, 15, 16, 17"
2393,1734603937388,1734603938153,765,null,"1, 3, 4, 5, 6, 7, 8, 9, 10, 11, 12, 13, 14, 15, 16, 17"
2394,1734603937404,1734603938639,1235,null,"1, 3, 4, 5, 6, 7, 8, 9, 10, 11, 12, 13, 14, 15, 16, 17"
2395,1734603937405,1734603938125,720,null,"1, 3, 4, 5, 6, 7, 8, 9, 10, 11, 12, 13, 14, 15, 16, 17"
2396,1734603937414,1734603938442,1028,null,"1, 3, 4, 5, 6, 7, 8, 9, 10, 11, 12, 13, 14, 15, 16, 17"
2397,1734603937453,1734603938639,1186,null,"1, 3, 4, 5, 6, 7, 8, 9, 10, 11, 12, 13, 14, 15, 16, 17"
2398,1734603937462,1734603938443,981,null,"1, 3, 4, 5, 6, 7, 8, 9, 10, 11, 12, 13, 14, 15, 16, 17"
2399,1734603937518,1734603938442,924,null,"1, 3, 4, 5, 6, 7, 8, 9, 10, 11, 12, 13, 14, 15, 16, 17"
2400,1734603937535,1734603938459,924,null,"1, 3, 4, 5, 6, 7, 8, 9, 10, 11, 12, 13, 14, 15, 16, 17"
2401,1734603937536,1734603938496,960,null,"1, 3, 4, 5, 6, 7, 8, 9, 10, 11, 12, 13, 14, 15, 16, 17"
2402,1734603937538,1734603938373,835,null,"1, 3, 4, 5, 6, 7, 8, 9, 10, 11, 12, 13, 14, 15, 16, 17"
2403,1734603937652,1734603938917,1265,null,"1, 3, 4, 5, 6, 7, 8, 9, 10, 11, 12, 13, 14, 15, 16, 17"
2404,1734603937662,1734603938870,1208,null,"1, 3, 4, 5, 6, 7, 8, 9, 10, 11, 12, 13, 14, 15, 16, 17"
2405,1734603937747,1734603939164,1417,null,"1, 3, 4, 5, 6, 7, 8, 9, 10, 11, 12, 13, 14, 15, 16, 17"
2406,1734603937748,1734603939054,1306,null,"1, 3, 4, 5, 6, 7, 8, 9, 10, 11, 12, 13, 14, 15, 16, 17"
2407,1734603937750,1734603939203,1453,null,"1, 3, 4, 5, 6, 7, 8, 9, 10, 11, 12, 13, 14, 15, 16, 17"
2408,1734603937843,1734603938652,809,null,"1, 3, 4, 5, 6, 7, 8, 9, 10, 11, 12, 13, 14, 15, 16, 17"
2409,1734603937844,1734603939196,1352,null,"1, 3, 4, 5, 6, 7, 8, 9, 10, 11, 12, 13, 14, 15, 16, 17"
2410,1734603937857,1734603939196,1339,null,"1, 3, 4, 5, 6, 7, 8, 9, 10, 11, 12, 13, 14, 15, 16, 17"
2411,1734603937858,1734603939196,1338,null,"1, 3, 4, 5, 6, 7, 8, 9, 10, 11, 12, 13, 14, 15, 16, 17"
2412,1734603937923,1734603938810,887,null,"1, 3, 4, 5, 6, 7, 8, 9, 10, 11, 12, 13, 14, 15, 16, 17"
2413,1734603937924,1734603938788,864,null,"1, 3, 4, 5, 6, 7, 8, 9, 10, 11, 12, 13, 14, 15, 16, 17"
2414,1734603937992,1734603939318,1326,null,"1, 3, 4, 5, 6, 7, 8, 9, 10, 11, 12, 13, 14, 15, 16, 17"
2415,1734603938086,1734603939309,1223,null,"1, 3, 4, 5, 6, 7, 8, 9, 10, 11, 12, 13, 14, 15, 16, 17"
2416,1734603938118,1734603939196,1078,null,"1, 3, 4, 5, 6, 7, 8, 9, 10, 11, 12, 13, 14, 15, 16, 17"
2417,1734603938152,1734603939444,1292,null,"1, 3, 4, 5, 6, 7, 8, 9, 10, 11, 12, 13, 14, 15, 16, 17"
2418,1734603938153,1734603939444,1291,null,"1, 3, 4, 5, 6, 7, 8, 9, 10, 11, 12, 13, 14, 15, 16, 17"
2419,1734603938155,1734603939457,1302,null,"1, 3, 4, 5, 6, 7, 8, 9, 10, 11, 12, 13, 14, 15, 16, 17"
2420,1734603938211,1734603939323,1112,null,"1, 3, 4, 5, 6, 7, 8, 9, 10, 11, 12, 13, 14, 15, 16, 17"
2421,1734603938212,1734603939196,984,null,"1, 3, 4, 5, 6, 7, 8, 9, 10, 11, 12, 13, 14, 15, 16, 17"
2422,1734603938214,1734603939566,1352,null,"1, 3, 4, 5, 6, 7, 8, 9, 10, 11, 12, 13, 14, 15, 16, 17"
2423,1734603938282,1734603939857,1575,null,"1, 3, 4, 5, 6, 7, 8, 9, 10, 11, 12, 13, 14, 15, 16, 17"
2424,1734603938283,1734603939444,1161,null,"1, 3, 4, 5, 6, 7, 8, 9, 10, 11, 12, 13, 14, 15, 16, 17"
2425,1734603938284,1734603939858,1574,null,"1, 3, 4, 5, 6, 7, 8, 9, 10, 11, 12, 13, 14, 15, 16, 17"
2426,1734603938386,1734603939574,1188,null,"1, 3, 4, 5, 6, 7, 8, 9, 10, 11, 12, 13, 14, 15, 16, 17"
2427,1734603938387,1734603939733,1346,null,"1, 3, 4, 5, 6, 7, 8, 9, 10, 11, 12, 13, 14, 15, 16, 17"
2428,1734603938456,1734603939645,1189,null,"1, 3, 4, 5, 6, 7, 8, 9, 10, 11, 12, 13, 14, 15, 16, 17"
2429,1734603938457,1734603939444,987,null,"1, 3, 4, 5, 6, 7, 8, 9, 10, 11, 12, 13, 14, 15, 16, 17"
2430,1734603938459,1734603939733,1274,null,"1, 3, 4, 5, 6, 7, 8, 9, 10, 11, 12, 13, 14, 15, 16, 17"
2431,1734603938517,1734603939585,1068,null,"1, 3, 4, 5, 6, 7, 8, 9, 10, 11, 12, 13, 14, 15, 16, 17"
2432,1734603938518,1734603939573,1055,null,"1, 3, 4, 5, 6, 7, 8, 9, 10, 11, 12, 13, 14, 15, 16, 17"
2433,1734603938613,1734603939862,1249,null,"1, 3, 4, 5, 6, 7, 8, 9, 10, 11, 12, 13, 14, 15, 16, 17"
2434,1734603938615,1734603939444,829,null,"1, 3, 4, 5, 6, 7, 8, 9, 10, 11, 12, 13, 14, 15, 16, 17"
2435,1734603938639,1734603939574,935,null,"1, 3, 4, 5, 6, 7, 8, 9, 10, 11, 12, 13, 14, 15, 16, 17"
2436,1734603938641,1734603939734,1093,null,"1, 3, 4, 5, 6, 7, 8, 9, 10, 11, 12, 13, 14, 15, 16, 17"
2437,1734603938648,1734603939733,1085,null,"1, 3, 4, 5, 6, 7, 8, 9, 10, 11, 12, 13, 14, 15, 16, 17"
2438,1734603938683,1734603940351,1668,null,"1, 3, 4, 5, 6, 7, 8, 9, 10, 11, 12, 13, 14, 15, 16, 17"
2439,1734603938684,1734603939857,1173,null,"1, 3, 4, 5, 6, 7, 8, 9, 10, 11, 12, 13, 14, 15, 16, 17"
2440,1734603938685,1734603940095,1410,null,"1, 3, 4, 5, 6, 7, 8, 9, 10, 11, 12, 13, 14, 15, 16, 17"
2441,1734603938725,1734603939945,1220,null,"1, 3, 4, 5, 6, 7, 8, 9, 10, 11, 12, 13, 14, 15, 16, 17"
2442,1734603938726,1734603940351,1625,null,"1, 3, 4, 5, 6, 7, 8, 9, 10, 11, 12, 13, 14, 15, 16, 17"
2443,1734603938727,1734603939858,1131,null,"1, 3, 4, 5, 6, 7, 8, 9, 10, 11, 12, 13, 14, 15, 16, 17"
2444,1734603938786,1734603940351,1565,null,"1, 3, 4, 5, 6, 7, 8, 9, 10, 11, 12, 13, 14, 15, 16, 17"
2445,1734603938787,1734603939994,1207,null,"1, 3, 4, 5, 6, 7, 8, 9, 10, 11, 12, 13, 14, 15, 16, 17"
2446,1734603938788,1734603940166,1378,null,"1, 3, 4, 5, 6, 7, 8, 9, 10, 11, 12, 13, 14, 15, 16, 17"
2447,1734603938790,1734603939945,1155,null,"1, 3, 4, 5, 6, 7, 8, 9, 10, 11, 12, 13, 14, 15, 16, 17"
2448,1734603938791,1734603940156,1365,null,"1, 3, 4, 5, 6, 7, 8, 9, 10, 11, 12, 13, 14, 15, 16, 17"
2449,1734603938792,1734603940529,1737,null,"1, 3, 4, 5, 6, 7, 8, 9, 10, 11, 12, 13, 14, 15, 16, 17"
2450,1734603938794,1734603940095,1301,null,"1, 3, 4, 5, 6, 7, 8, 9, 10, 11, 12, 13, 14, 15, 16, 17"
2451,1734603938795,1734603940485,1690,null,"1, 3, 4, 5, 6, 7, 8, 9, 10, 11, 12, 13, 14, 15, 16, 17"
2452,1734603938796,1734603940094,1298,null,"1, 3, 4, 5, 6, 7, 8, 9, 10, 11, 12, 13, 14, 15, 16, 17"
2453,1734603938797,1734603939857,1060,null,"1, 3, 4, 5, 6, 7, 8, 9, 10, 11, 12, 13, 14, 15, 16, 17"
2454,1734603938799,1734603940351,1552,null,"1, 3, 4, 5, 6, 7, 8, 9, 10, 11, 12, 13, 14, 15, 16, 17"
2455,1734603938800,1734603940485,1685,null,"1, 3, 4, 5, 6, 7, 8, 9, 10, 11, 12, 13, 14, 15, 16, 17"
2456,1734603938801,1734603940094,1293,null,"1, 3, 4, 5, 6, 7, 8, 9, 10, 11, 12, 13, 14, 15, 16, 17"
2457,1734603938802,1734603940414,1612,null,"1, 3, 4, 5, 6, 7, 8, 9, 10, 11, 12, 13, 14, 15, 16, 17"
2458,1734603938804,1734603939968,1164,null,"1, 3, 4, 5, 6, 7, 8, 9, 10, 11, 12, 13, 14, 15, 16, 17"
2459,1734603938805,1734603940369,1564,null,"1, 3, 4, 5, 6, 7, 8, 9, 10, 11, 12, 13, 14, 15, 16, 17"
2460,1734603938842,1734603940156,1314,null,"1, 3, 4, 5, 6, 7, 8, 9, 10, 11, 12, 13, 14, 15, 16, 17"
2461,1734603938843,1734603940094,1251,null,"1, 3, 4, 5, 6, 7, 8, 9, 10, 11, 12, 13, 14, 15, 16, 17"
2462,1734603938937,1734603940156,1219,null,"1, 3, 4, 5, 6, 7, 8, 9, 10, 11, 12, 13, 14, 15, 16, 17"
2463,1734603938938,1734603939945,1007,null,"1, 3, 4, 5, 6, 7, 8, 9, 10, 11, 12, 13, 14, 15, 16, 17"
2464,1734603938948,1734603940351,1403,null,"1, 3, 4, 5, 6, 7, 8, 9, 10, 11, 12, 13, 14, 15, 16, 17"
2465,1734603939033,1734603940485,1452,null,"1, 3, 4, 5, 6, 7, 8, 9, 10, 11, 12, 13, 14, 15, 16, 17"
2466,1734603939042,1734603939857,815,null,"1, 3, 4, 5, 6, 7, 8, 9, 10, 11, 12, 13, 14, 15, 16, 17"
2467,1734603939090,1734603940369,1279,null,"1, 3, 4, 5, 6, 7, 8, 9, 10, 11, 12, 13, 14, 15, 16, 17"
2468,1734603939091,1734603939857,766,null,"1, 3, 4, 5, 6, 7, 8, 9, 10, 11, 12, 13, 14, 15, 16, 17"
2469,1734603939093,1734603940620,1527,null,"1, 3, 4, 5, 6, 7, 8, 9, 10, 11, 12, 13, 14, 15, 16, 17"
2470,1734603939237,1734603940450,1213,null,"1, 3, 4, 5, 6, 7, 8, 9, 10, 11, 12, 13, 14, 15, 16, 17"
2471,1734603939238,1734603940702,1464,null,"1, 3, 4, 5, 6, 7, 8, 9, 10, 11, 12, 13, 14, 15, 16, 17"
2472,1734603939240,1734603940369,1129,null,"1, 3, 4, 5, 6, 7, 8, 9, 10, 11, 12, 13, 14, 15, 16, 17"
2473,1734603939334,1734603940842,1508,null,"1, 3, 4, 5, 6, 7, 8, 9, 10, 11, 12, 13, 14, 15, 16, 17"
2474,1734603939336,1734603940702,1366,null,"1, 3, 4, 5, 6, 7, 8, 9, 10, 11, 12, 13, 14, 15, 16, 17"
2475,1734603939337,1734603940803,1466,null,"1, 3, 4, 5, 6, 7, 8, 9, 10, 11, 12, 13, 14, 15, 16, 17"
2476,1734603939423,1734603940951,1528,null,"1, 3, 4, 5, 6, 7, 8, 9, 10, 11, 12, 13, 14, 15, 16, 17"
2477,1734603939428,1734603940950,1522,null,"1, 3, 4, 5, 6, 7, 8, 9, 10, 11, 12, 13, 14, 15, 16, 17"
2478,1734603939478,1734603940803,1325,null,"1, 3, 4, 5, 6, 7, 8, 9, 10, 11, 12, 13, 14, 15, 16, 17"
2479,1734603939479,1734603940951,1472,null,"1, 3, 4, 5, 6, 7, 8, 9, 10, 11, 12, 13, 14, 15, 16, 17"
2480,1734603939590,1734603940702,1112,null,"1, 3, 4, 5, 6, 7, 8, 9, 10, 11, 12, 13, 14, 15, 16, 17"
2481,1734603939591,1734603940765,1174,null,"1, 3, 4, 5, 6, 7, 8, 9, 10, 11, 12, 13, 14, 15, 16, 17"
2482,1734603939593,1734603940920,1327,null,"1, 3, 4, 5, 6, 7, 8, 9, 10, 11, 12, 13, 14, 15, 16, 17"
2483,1734603939688,1734603940951,1263,null,"1, 3, 4, 5, 6, 7, 8, 9, 10, 11, 12, 13, 14, 15, 16, 17"
2484,1734603939689,1734603940950,1261,null,"1, 3, 4, 5, 6, 7, 8, 9, 10, 11, 12, 13, 14, 15, 16, 17"
2485,1734603939690,1734603940951,1261,null,"1, 3, 4, 5, 6, 7, 8, 9, 10, 11, 12, 13, 14, 15, 16, 17"
2486,1734603939692,1734603940950,1258,null,"1, 3, 4, 5, 6, 7, 8, 9, 10, 11, 12, 13, 14, 15, 16, 17"
2487,1734603939810,1734603941274,1464,null,"1, 3, 4, 5, 6, 7, 8, 9, 10, 11, 12, 13, 14, 15, 16, 17"
2488,1734603939811,1734603941073,1262,null,"1, 3, 4, 5, 6, 7, 8, 9, 10, 11, 12, 13, 14, 15, 16, 17"
2489,1734603939865,1734603940954,1089,null,"1, 3, 4, 5, 6, 7, 8, 9, 10, 11, 12, 13, 14, 15, 16, 17"
2490,1734603939867,1734603941177,1310,null,"1, 3, 4, 5, 6, 7, 8, 9, 10, 11, 12, 13, 14, 15, 16, 17"
2491,1734603939868,1734603941383,1515,null,"1, 3, 4, 5, 6, 7, 8, 9, 10, 11, 12, 13, 14, 15, 16, 17"
2492,1734603939964,1734603941102,1138,null,"1, 3, 4, 5, 6, 7, 8, 9, 10, 11, 12, 13, 14, 15, 16, 17"
2493,1734603939966,1734603941050,1084,null,"1, 3, 4, 5, 6, 7, 8, 9, 10, 11, 12, 13, 14, 15, 16, 17"
2494,1734603939967,1734603941043,1076,null,"1, 3, 4, 5, 6, 7, 8, 9, 10, 11, 12, 13, 14, 15, 16, 17"
2495,1734603940064,1734603941274,1210,null,"1, 3, 4, 5, 6, 7, 8, 9, 10, 11, 12, 13, 14, 15, 16, 17"
2496,1734603940065,1734603941430,1365,null,"1, 3, 4, 5, 6, 7, 8, 9, 10, 11, 12, 13, 14, 15, 16, 17"
2497,1734603940066,1734603941274,1208,null,"1, 3, 4, 5, 6, 7, 8, 9, 10, 11, 12, 13, 14, 15, 16, 17"
2498,1734603940148,1734603941273,1125,null,"1, 3, 4, 5, 6, 7, 8, 9, 10, 11, 12, 13, 14, 15, 16, 17"
2499,1734603940150,1734603941379,1229,null,"1, 3, 4, 5, 6, 7, 8, 9, 10, 11, 12, 13, 14, 15, 16, 17"
2500,1734603940283,1734603941177,894,null,"1, 3, 4, 5, 6, 7, 8, 9, 10, 11, 12, 13, 14, 15, 16, 17"
2501,1734603940284,1734603941196,912,null,"1, 3, 4, 5, 6, 7, 8, 9, 10, 11, 12, 13, 14, 15, 16, 17"
2502,1734603940285,1734603940950,665,null,"1, 3, 4, 5, 6, 7, 8, 9, 10, 11, 12, 13, 14, 15, 16, 17"
2503,1734603940287,1734603941294,1007,null,"1, 3, 4, 5, 6, 7, 8, 9, 10, 11, 12, 13, 14, 15, 16, 17"
2504,1734603940356,1734603941096,740,null,"1, 3, 4, 5, 6, 7, 8, 9, 10, 11, 12, 13, 14, 15, 16, 17"
2505,1734603940414,1734603941523,1109,null,"1, 3, 4, 5, 6, 7, 8, 9, 10, 11, 12, 13, 14, 15, 16, 17"
2506,1734603940473,1734603941430,957,null,"1, 3, 4, 5, 6, 7, 8, 9, 10, 11, 12, 13, 14, 15, 16, 17"
2507,1734603940474,1734603941445,971,null,"1, 3, 4, 5, 6, 7, 8, 9, 10, 11, 12, 13, 14, 15, 16, 17"
2508,1734603940475,1734603941583,1108,null,"1, 3, 4, 5, 6, 7, 8, 9, 10, 11, 12, 13, 14, 15, 16, 17"
2509,1734603940547,1734603941447,900,null,"1, 3, 4, 5, 6, 7, 8, 9, 10, 11, 12, 13, 14, 15, 16, 17"
2510,1734603940598,1734603941864,1266,null,"1, 3, 4, 5, 6, 7, 8, 9, 10, 11, 12, 13, 14, 15, 16, 17"
2511,1734603940603,1734603941864,1261,null,"1, 3, 4, 5, 6, 7, 8, 9, 10, 11, 12, 13, 14, 15, 16, 17"
2512,1734603940604,1734603941864,1260,null,"1, 3, 4, 5, 6, 7, 8, 9, 10, 11, 12, 13, 14, 15, 16, 17"
2513,1734603940606,1734603941650,1044,null,"1, 3, 4, 5, 6, 7, 8, 9, 10, 11, 12, 13, 14, 15, 16, 17"
2514,1734603940661,1734603941523,862,null,"1, 3, 4, 5, 6, 7, 8, 9, 10, 11, 12, 13, 14, 15, 16, 17"
2515,1734603940663,1734603941767,1104,null,"1, 3, 4, 5, 6, 7, 8, 9, 10, 11, 12, 13, 14, 15, 16, 17"
2516,1734603940664,1734603941397,733,null,"1, 3, 4, 5, 6, 7, 8, 9, 10, 11, 12, 13, 14, 15, 16, 17"
2517,1734603940740,1734603941864,1124,null,"1, 3, 4, 5, 6, 7, 8, 9, 10, 11, 12, 13, 14, 15, 16, 17"
2518,1734603940756,1734603941965,1209,null,"1, 3, 4, 5, 6, 7, 8, 9, 10, 11, 12, 13, 14, 15, 16, 17"
2519,1734603940812,1734603942284,1472,null,"1, 3, 4, 5, 6, 7, 8, 9, 10, 11, 12, 13, 14, 15, 16, 17"
2520,1734603940821,1734603942055,1234,null,"1, 3, 4, 5, 6, 7, 8, 9, 10, 11, 12, 13, 14, 15, 16, 17"
2521,1734603940822,1734603941864,1042,null,"1, 3, 4, 5, 6, 7, 8, 9, 10, 11, 12, 13, 14, 15, 16, 17"
2522,1734603940881,1734603941864,983,null,"1, 3, 4, 5, 6, 7, 8, 9, 10, 11, 12, 13, 14, 15, 16, 17"
2523,1734603940921,1734603942038,1117,null,"1, 3, 4, 5, 6, 7, 8, 9, 10, 11, 12, 13, 14, 15, 16, 17"
2524,1734603940996,1734603942316,1320,null,"1, 3, 4, 5, 6, 7, 8, 9, 10, 11, 12, 13, 14, 15, 16, 17"
2525,1734603940997,1734603942055,1058,null,"1, 3, 4, 5, 6, 7, 8, 9, 10, 11, 12, 13, 14, 15, 16, 17"
2526,1734603940998,1734603942284,1286,null,"1, 3, 4, 5, 6, 7, 8, 9, 10, 11, 12, 13, 14, 15, 16, 17"
2527,1734603941073,1734603941996,923,null,"1, 3, 4, 5, 6, 7, 8, 9, 10, 11, 12, 13, 14, 15, 16, 17"
2528,1734603941074,1734603942382,1308,null,"1, 3, 4, 5, 6, 7, 8, 9, 10, 11, 12, 13, 14, 15, 16, 17"
2529,1734603941076,1734603942354,1278,null,"1, 3, 4, 5, 6, 7, 8, 9, 10, 11, 12, 13, 14, 15, 16, 17"
2530,1734603941196,1734603942151,955,null,"1, 3, 4, 5, 6, 7, 8, 9, 10, 11, 12, 13, 14, 15, 16, 17"
2531,1734603941197,1734603941900,703,null,"1, 3, 4, 5, 6, 7, 8, 9, 10, 11, 12, 13, 14, 15, 16, 17"
2532,1734603941207,1734603942576,1369,null,"1, 3, 4, 5, 6, 7, 8, 9, 10, 11, 12, 13, 14, 15, 16, 17"
2533,1734603941283,1734603941988,705,null,"1, 3, 4, 5, 6, 7, 8, 9, 10, 11, 12, 13, 14, 15, 16, 17"
2534,1734603941284,1734603942354,1070,null,"1, 3, 4, 5, 6, 7, 8, 9, 10, 11, 12, 13, 14, 15, 16, 17"
2535,1734603941286,1734603942615,1329,null,"1, 3, 4, 5, 6, 7, 8, 9, 10, 11, 12, 13, 14, 15, 16, 17"
2536,1734603941387,1734603942435,1048,null,"1, 3, 4, 5, 6, 7, 8, 9, 10, 11, 12, 13, 14, 15, 16, 17"
2537,1734603941388,1734603942057,669,null,"1, 3, 4, 5, 6, 7, 8, 9, 10, 11, 12, 13, 14, 15, 16, 17"
2538,1734603941427,1734603942541,1114,null,"1, 3, 4, 5, 6, 7, 8, 9, 10, 11, 12, 13, 14, 15, 16, 17"
2539,1734603941429,1734603942614,1185,null,"1, 3, 4, 5, 6, 7, 8, 9, 10, 11, 12, 13, 14, 15, 16, 17"
2540,1734603941430,1734603942284,854,null,"1, 3, 4, 5, 6, 7, 8, 9, 10, 11, 12, 13, 14, 15, 16, 17"
2541,1734603941488,1734603942239,751,null,"1, 3, 4, 5, 6, 7, 8, 9, 10, 11, 12, 13, 14, 15, 16, 17"
2542,1734603941490,1734603942239,749,null,"1, 3, 4, 5, 6, 7, 8, 9, 10, 11, 12, 13, 14, 15, 16, 17"
2543,1734603941491,1734603942614,1123,null,"1, 3, 4, 5, 6, 7, 8, 9, 10, 11, 12, 13, 14, 15, 16, 17"
2544,1734603941553,1734603942614,1061,null,"1, 3, 4, 5, 6, 7, 8, 9, 10, 11, 12, 13, 14, 15, 16, 17"
2545,1734603941554,1734603942354,800,null,"1, 3, 4, 5, 6, 7, 8, 9, 10, 11, 12, 13, 14, 15, 16, 17"
2546,1734603941556,1734603942852,1296,null,"1, 3, 4, 5, 6, 7, 8, 9, 10, 11, 12, 13, 14, 15, 16, 17"
2547,1734603941635,1734603942383,748,null,"1, 3, 4, 5, 6, 7, 8, 9, 10, 11, 12, 13, 14, 15, 16, 17"
2548,1734603941636,1734603942715,1079,null,"1, 3, 4, 5, 6, 7, 8, 9, 10, 11, 12, 13, 14, 15, 16, 17"
2549,1734603941637,1734603942382,745,null,"1, 3, 4, 5, 6, 7, 8, 9, 10, 11, 12, 13, 14, 15, 16, 17"
2550,1734603941686,1734603942325,639,null,"1, 3, 4, 5, 6, 7, 8, 9, 10, 11, 12, 13, 14, 15, 16, 17"
2551,1734603941688,1734603942655,967,null,"1, 3, 4, 5, 6, 7, 8, 9, 10, 11, 12, 13, 14, 15, 16, 17"
2552,1734603941713,1734603942852,1139,null,"1, 3, 4, 5, 6, 7, 8, 9, 10, 11, 12, 13, 14, 15, 16, 17"
2553,1734603941783,1734603943100,1317,null,"1, 3, 4, 5, 6, 7, 8, 9, 10, 11, 12, 13, 14, 15, 16, 17"
2554,1734603941792,1734603942954,1162,null,"1, 3, 4, 5, 6, 7, 8, 9, 10, 11, 12, 13, 14, 15, 16, 17"
2555,1734603941816,1734603942854,1038,null,"1, 3, 4, 5, 6, 7, 8, 9, 10, 11, 12, 13, 14, 15, 16, 17"
2556,1734603941829,1734603943035,1206,null,"1, 3, 4, 5, 6, 7, 8, 9, 10, 11, 12, 13, 14, 15, 16, 17"
2557,1734603941861,1734603943400,1539,null,"1, 3, 4, 5, 6, 7, 8, 9, 10, 11, 12, 13, 14, 15, 16, 17"
2558,1734603941862,1734603942854,992,null,"1, 3, 4, 5, 6, 7, 8, 9, 10, 11, 12, 13, 14, 15, 16, 17"
2559,1734603941864,1734603942910,1046,null,"1, 3, 4, 5, 6, 7, 8, 9, 10, 11, 12, 13, 14, 15, 16, 17"
2560,1734603941931,1734603943100,1169,null,"1, 3, 4, 5, 6, 7, 8, 9, 10, 11, 12, 13, 14, 15, 16, 17"
2561,1734603941932,1734603943225,1293,null,"1, 3, 4, 5, 6, 7, 8, 9, 10, 11, 12, 13, 14, 15, 16, 17"
2562,1734603941934,1734603943226,1292,null,"1, 3, 4, 5, 6, 7, 8, 9, 10, 11, 12, 13, 14, 15, 16, 17"
2563,1734603942019,1734603943226,1207,null,"1, 3, 4, 5, 6, 7, 8, 9, 10, 11, 12, 13, 14, 15, 16, 17"
2564,1734603942020,1734603943100,1080,null,"1, 3, 4, 5, 6, 7, 8, 9, 10, 11, 12, 13, 14, 15, 16, 17"
2565,1734603942021,1734603943283,1262,null,"1, 3, 4, 5, 6, 7, 8, 9, 10, 11, 12, 13, 14, 15, 16, 17"
2566,1734603942109,1734603942875,766,null,"1, 3, 4, 5, 6, 7, 8, 9, 10, 11, 12, 13, 14, 15, 16, 17"
2567,1734603942178,1734603943496,1318,null,"1, 3, 4, 5, 6, 7, 8, 9, 10, 11, 12, 13, 14, 15, 16, 17"
2568,1734603942180,1734603943243,1063,null,"1, 3, 4, 5, 6, 7, 8, 9, 10, 11, 12, 13, 14, 15, 16, 17"
2569,1734603942229,1734603943287,1058,null,"1, 3, 4, 5, 6, 7, 8, 9, 10, 11, 12, 13, 14, 15, 16, 17"
2570,1734603942258,1734603943586,1328,null,"1, 3, 4, 5, 6, 7, 8, 9, 10, 11, 12, 13, 14, 15, 16, 17"
2571,1734603942273,1734603943441,1168,null,"1, 3, 4, 5, 6, 7, 8, 9, 10, 11, 12, 13, 14, 15, 16, 17"
2572,1734603942299,1734603943243,944,null,"1, 3, 4, 5, 6, 7, 8, 9, 10, 11, 12, 13, 14, 15, 16, 17"
2573,1734603942386,1734603943496,1110,null,"1, 3, 4, 5, 6, 7, 8, 9, 10, 11, 12, 13, 14, 15, 16, 17"
2574,1734603942387,1734603943321,934,null,"1, 3, 4, 5, 6, 7, 8, 9, 10, 11, 12, 13, 14, 15, 16, 17"
2575,1734603942388,1734603943421,1033,null,"1, 3, 4, 5, 6, 7, 8, 9, 10, 11, 12, 13, 14, 15, 16, 17"
2576,1734603942436,1734603943568,1132,null,"1, 3, 4, 5, 6, 7, 8, 9, 10, 11, 12, 13, 14, 15, 16, 17"
2577,1734603942506,1734603943622,1116,null,"1, 3, 4, 5, 6, 7, 8, 9, 10, 11, 12, 13, 14, 15, 16, 17"
2578,1734603942507,1734603943415,908,null,"1, 3, 4, 5, 6, 7, 8, 9, 10, 11, 12, 13, 14, 15, 16, 17"
2579,1734603942508,1734603943496,988,null,"1, 3, 4, 5, 6, 7, 8, 9, 10, 11, 12, 13, 14, 15, 16, 17"
2580,1734603942574,1734603943820,1246,null,"1, 3, 4, 5, 6, 7, 8, 9, 10, 11, 12, 13, 14, 15, 16, 17"
2581,1734603942615,1734603943820,1205,null,"1, 3, 4, 5, 6, 7, 8, 9, 10, 11, 12, 13, 14, 15, 16, 17"
2582,1734603942678,1734603943719,1041,null,"1, 3, 4, 5, 6, 7, 8, 9, 10, 11, 12, 13, 14, 15, 16, 17"
2583,1734603942679,1734603943719,1040,null,"1, 3, 4, 5, 6, 7, 8, 9, 10, 11, 12, 13, 14, 15, 16, 17"
2584,1734603942680,1734603943586,906,null,"1, 3, 4, 5, 6, 7, 8, 9, 10, 11, 12, 13, 14, 15, 16, 17"
2585,1734603942682,1734603943886,1204,null,"1, 3, 4, 5, 6, 7, 8, 9, 10, 11, 12, 13, 14, 15, 16, 17"
2586,1734603942744,1734603943819,1075,null,"1, 3, 4, 5, 6, 7, 8, 9, 10, 11, 12, 13, 14, 15, 16, 17"
2587,1734603942746,1734603943586,840,null,"1, 3, 4, 5, 6, 7, 8, 9, 10, 11, 12, 13, 14, 15, 16, 17"
2588,1734603942816,1734603944350,1534,null,"1, 3, 4, 5, 6, 7, 8, 9, 10, 11, 12, 13, 14, 15, 16, 17"
2589,1734603942835,1734603943819,984,null,"1, 3, 4, 5, 6, 7, 8, 9, 10, 11, 12, 13, 14, 15, 16, 17"
2590,1734603942836,1734603943992,1156,null,"1, 3, 4, 5, 6, 7, 8, 9, 10, 11, 12, 13, 14, 15, 16, 17"
2591,1734603942837,1734603943837,1000,null,"1, 3, 4, 5, 6, 7, 8, 9, 10, 11, 12, 13, 14, 15, 16, 17"
2592,1734603942839,1734603943846,1007,null,"1, 3, 4, 5, 6, 7, 8, 9, 10, 11, 12, 13, 14, 15, 16, 17"
2593,1734603942840,1734603944083,1243,null,"1, 3, 4, 5, 6, 7, 8, 9, 10, 11, 12, 13, 14, 15, 16, 17"
2594,1734603942885,1734603944083,1198,null,"1, 3, 4, 5, 6, 7, 8, 9, 10, 11, 12, 13, 14, 15, 16, 17"
2595,1734603942886,1734603944231,1345,null,"1, 3, 4, 5, 6, 7, 8, 9, 10, 11, 12, 13, 14, 15, 16, 17"
2596,1734603942888,1734603943819,931,null,"1, 3, 4, 5, 6, 7, 8, 9, 10, 11, 12, 13, 14, 15, 16, 17"
2597,1734603942948,1734603944204,1256,null,"1, 3, 4, 5, 6, 7, 8, 9, 10, 11, 12, 13, 14, 15, 16, 17"
2598,1734603942949,1734603944352,1403,null,"1, 3, 4, 5, 6, 7, 8, 9, 10, 11, 12, 13, 14, 15, 16, 17"
2599,1734603942950,1734603944083,1133,null,"1, 3, 4, 5, 6, 7, 8, 9, 10, 11, 12, 13, 14, 15, 16, 17"
2600,1734603943049,1734603944259,1210,null,"1, 3, 4, 5, 6, 7, 8, 9, 10, 11, 12, 13, 14, 15, 16, 17"
2601,1734603943050,1734603944110,1060,null,"1, 3, 4, 5, 6, 7, 8, 9, 10, 11, 12, 13, 14, 15, 16, 17"
2602,1734603943052,1734603944083,1031,null,"1, 3, 4, 5, 6, 7, 8, 9, 10, 11, 12, 13, 14, 15, 16, 17"
2603,1734603943125,1734603943819,694,null,"1, 3, 4, 5, 6, 7, 8, 9, 10, 11, 12, 13, 14, 15, 16, 17"
2604,1734603943126,1734603944269,1143,null,"1, 3, 4, 5, 6, 7, 8, 9, 10, 11, 12, 13, 14, 15, 16, 17"
2605,1734603943127,1734603944137,1010,null,"1, 3, 4, 5, 6, 7, 8, 9, 10, 11, 12, 13, 14, 15, 16, 17"
2606,1734603943128,1734603944083,955,null,"1, 3, 4, 5, 6, 7, 8, 9, 10, 11, 12, 13, 14, 15, 16, 17"
2607,1734603943171,1734603944204,1033,null,"1, 3, 4, 5, 6, 7, 8, 9, 10, 11, 12, 13, 14, 15, 16, 17"
2608,1734603943172,1734603944204,1032,null,"1, 3, 4, 5, 6, 7, 8, 9, 10, 11, 12, 13, 14, 15, 16, 17"
2609,1734603943249,1734603944691,1442,null,"1, 3, 4, 5, 6, 7, 8, 9, 10, 11, 12, 13, 14, 15, 16, 17"
2610,1734603943251,1734603944096,845,null,"1, 3, 4, 5, 6, 7, 8, 9, 10, 11, 12, 13, 14, 15, 16, 17"
2611,1734603943252,1734603944491,1239,null,"1, 3, 4, 5, 6, 7, 8, 9, 10, 11, 12, 13, 14, 15, 16, 17"
2612,1734603943326,1734603944353,1027,null,"1, 3, 4, 5, 6, 7, 8, 9, 10, 11, 12, 13, 14, 15, 16, 17"
2613,1734603943327,1734603944491,1164,null,"1, 3, 4, 5, 6, 7, 8, 9, 10, 11, 12, 13, 14, 15, 16, 17"
2614,1734603943413,1734603944521,1108,null,"1, 3, 4, 5, 6, 7, 8, 9, 10, 11, 12, 13, 14, 15, 16, 17"
2615,1734603943414,1734603944259,845,null,"1, 3, 4, 5, 6, 7, 8, 9, 10, 11, 12, 13, 14, 15, 16, 17"
2616,1734603943415,1734603944431,1016,null,"1, 3, 4, 5, 6, 7, 8, 9, 10, 11, 12, 13, 14, 15, 16, 17"
2617,1734603943464,1734603944765,1301,null,"1, 3, 4, 5, 6, 7, 8, 9, 10, 11, 12, 13, 14, 15, 16, 17"
2618,1734603943465,1734603944765,1300,null,"1, 3, 4, 5, 6, 7, 8, 9, 10, 11, 12, 13, 14, 15, 16, 17"
2619,1734603943466,1734603944591,1125,null,"1, 3, 4, 5, 6, 7, 8, 9, 10, 11, 12, 13, 14, 15, 16, 17"
2620,1734603943558,1734603944530,972,null,"1, 3, 4, 5, 6, 7, 8, 9, 10, 11, 12, 13, 14, 15, 16, 17"
2621,1734603943559,1734603944601,1042,null,"1, 3, 4, 5, 6, 7, 8, 9, 10, 11, 12, 13, 14, 15, 16, 17"
2622,1734603943560,1734603944450,890,null,"1, 3, 4, 5, 6, 7, 8, 9, 10, 11, 12, 13, 14, 15, 16, 17"
2623,1734603943657,1734603944765,1108,null,"1, 3, 4, 5, 6, 7, 8, 9, 10, 11, 12, 13, 14, 15, 16, 17"
2624,1734603943659,1734603944989,1330,null,"1, 3, 4, 5, 6, 7, 8, 9, 10, 11, 12, 13, 14, 15, 16, 17"
2625,1734603943732,1734603944765,1033,null,"1, 3, 4, 5, 6, 7, 8, 9, 10, 11, 12, 13, 14, 15, 16, 17"
2626,1734603943734,1734603944765,1031,null,"1, 3, 4, 5, 6, 7, 8, 9, 10, 11, 12, 13, 14, 15, 16, 17"
2627,1734603943735,1734603944765,1030,null,"1, 3, 4, 5, 6, 7, 8, 9, 10, 11, 12, 13, 14, 15, 16, 17"
2628,1734603943793,1734603944773,980,null,"1, 3, 4, 5, 6, 7, 8, 9, 10, 11, 12, 13, 14, 15, 16, 17"
2629,1734603943821,1734603945058,1237,null,"1, 3, 4, 5, 6, 7, 8, 9, 10, 11, 12, 13, 14, 15, 16, 17"
2630,1734603943822,1734603945058,1236,null,"1, 3, 4, 5, 6, 7, 8, 9, 10, 11, 12, 13, 14, 15, 16, 17"
2631,1734603943878,1734603945058,1180,null,"1, 3, 4, 5, 6, 7, 8, 9, 10, 11, 12, 13, 14, 15, 16, 17"
2632,1734603943879,1734603945058,1179,null,"1, 3, 4, 5, 6, 7, 8, 9, 10, 11, 12, 13, 14, 15, 16, 17"
2633,1734603943881,1734603945058,1177,null,"1, 3, 4, 5, 6, 7, 8, 9, 10, 11, 12, 13, 14, 15, 16, 17"
2634,1734603944025,1734603944989,964,null,"1, 3, 4, 5, 6, 7, 8, 9, 10, 11, 12, 13, 14, 15, 16, 17"
2635,1734603944026,1734603945185,1159,null,"1, 3, 4, 5, 6, 7, 8, 9, 10, 11, 12, 13, 14, 15, 16, 17"
2636,1734603944031,1734603944989,958,null,"1, 3, 4, 5, 6, 7, 8, 9, 10, 11, 12, 13, 14, 15, 16, 17"
2637,1734603944046,1734603945230,1184,null,"1, 3, 4, 5, 6, 7, 8, 9, 10, 11, 12, 13, 14, 15, 16, 17"
2638,1734603944115,1734603945230,1115,null,"1, 3, 4, 5, 6, 7, 8, 9, 10, 11, 12, 13, 14, 15, 16, 17"
2639,1734603944116,1734603945340,1224,null,"1, 3, 4, 5, 6, 7, 8, 9, 10, 11, 12, 13, 14, 15, 16, 17"
2640,1734603944118,1734603945505,1387,null,"1, 3, 4, 5, 6, 7, 8, 9, 10, 11, 12, 13, 14, 15, 16, 17"
2641,1734603944238,1734603945296,1058,null,"1, 3, 4, 5, 6, 7, 8, 9, 10, 11, 12, 13, 14, 15, 16, 17"
2642,1734603944239,1734603945475,1236,null,"1, 3, 4, 5, 6, 7, 8, 9, 10, 11, 12, 13, 14, 15, 16, 17"
2643,1734603944333,1734603945296,963,null,"1, 3, 4, 5, 6, 7, 8, 9, 10, 11, 12, 13, 14, 15, 16, 17"
2644,1734603944346,1734603945292,946,null,"1, 3, 4, 5, 6, 7, 8, 9, 10, 11, 12, 13, 14, 15, 16, 17"
2645,1734603944347,1734603945230,883,null,"1, 3, 4, 5, 6, 7, 8, 9, 10, 11, 12, 13, 14, 15, 16, 17"
2646,1734603944398,1734603945296,898,null,"1, 3, 4, 5, 6, 7, 8, 9, 10, 11, 12, 13, 14, 15, 16, 17"
2647,1734603944399,1734603945404,1005,null,"1, 3, 4, 5, 6, 7, 8, 9, 10, 11, 12, 13, 14, 15, 16, 17"
2648,1734603944400,1734603945767,1367,null,"1, 3, 4, 5, 6, 7, 8, 9, 10, 11, 12, 13, 14, 15, 16, 17"
2649,1734603944467,1734603945554,1087,null,"1, 3, 4, 5, 6, 7, 8, 9, 10, 11, 12, 13, 14, 15, 16, 17"
2650,1734603944475,1734603945404,929,null,"1, 3, 4, 5, 6, 7, 8, 9, 10, 11, 12, 13, 14, 15, 16, 17"
2651,1734603944476,1734603945296,820,null,"1, 3, 4, 5, 6, 7, 8, 9, 10, 11, 12, 13, 14, 15, 16, 17"
2652,1734603944513,1734603945297,784,null,"1, 3, 4, 5, 6, 7, 8, 9, 10, 11, 12, 13, 14, 15, 16, 17"
2653,1734603944514,1734603945605,1091,null,"1, 3, 4, 5, 6, 7, 8, 9, 10, 11, 12, 13, 14, 15, 16, 17"
2654,1734603944585,1734603945767,1182,null,"1, 3, 4, 5, 6, 7, 8, 9, 10, 11, 12, 13, 14, 15, 16, 17"
2655,1734603944586,1734603946046,1460,null,"1, 3, 4, 5, 6, 7, 8, 9, 10, 11, 12, 13, 14, 15, 16, 17"
2656,1734603944587,1734603945592,1005,null,"1, 3, 4, 5, 6, 7, 8, 9, 10, 11, 12, 13, 14, 15, 16, 17"
2657,1734603944650,1734603946023,1373,null,"1, 3, 4, 5, 6, 7, 8, 9, 10, 11, 12, 13, 14, 15, 16, 17"
2658,1734603944651,1734603945767,1116,null,"1, 3, 4, 5, 6, 7, 8, 9, 10, 11, 12, 13, 14, 15, 16, 17"
2659,1734603944699,1734603946023,1324,null,"1, 3, 4, 5, 6, 7, 8, 9, 10, 11, 12, 13, 14, 15, 16, 17"
2660,1734603944726,1734603945853,1127,null,"1, 3, 4, 5, 6, 7, 8, 9, 10, 11, 12, 13, 14, 15, 16, 17"
2661,1734603944750,1734603945767,1017,null,"1, 3, 4, 5, 6, 7, 8, 9, 10, 11, 12, 13, 14, 15, 16, 17"
2662,1734603944752,1734603945735,983,null,"1, 3, 4, 5, 6, 7, 8, 9, 10, 11, 12, 13, 14, 15, 16, 17"
2663,1734603944753,1734603945853,1100,null,"1, 3, 4, 5, 6, 7, 8, 9, 10, 11, 12, 13, 14, 15, 16, 17"
2664,1734603944811,1734603946023,1212,null,"1, 3, 4, 5, 6, 7, 8, 9, 10, 11, 12, 13, 14, 15, 16, 17"
2665,1734603944812,1734603945888,1076,null,"1, 3, 4, 5, 6, 7, 8, 9, 10, 11, 12, 13, 14, 15, 16, 17"
2666,1734603944846,1734603945890,1044,null,"1, 3, 4, 5, 6, 7, 8, 9, 10, 11, 12, 13, 14, 15, 16, 17"
2667,1734603944847,1734603945767,920,null,"1, 3, 4, 5, 6, 7, 8, 9, 10, 11, 12, 13, 14, 15, 16, 17"
2668,1734603944848,1734603945605,757,null,"1, 3, 4, 5, 6, 7, 8, 9, 10, 11, 12, 13, 14, 15, 16, 17"
2669,1734603944932,1734603946208,1276,null,"1, 3, 4, 5, 6, 7, 8, 9, 10, 11, 12, 13, 14, 15, 16, 17"
2670,1734603944933,1734603945993,1060,null,"1, 3, 4, 5, 6, 7, 8, 9, 10, 11, 12, 13, 14, 15, 16, 17"
2671,1734603944934,1734603946138,1204,null,"1, 3, 4, 5, 6, 7, 8, 9, 10, 11, 12, 13, 14, 15, 16, 17"
2672,1734603944992,1734603946023,1031,null,"1, 3, 4, 5, 6, 7, 8, 9, 10, 11, 12, 13, 14, 15, 16, 17"
2673,1734603944993,1734603946022,1029,null,"1, 3, 4, 5, 6, 7, 8, 9, 10, 11, 12, 13, 14, 15, 16, 17"
2674,1734603945084,1734603946175,1091,null,"1, 3, 4, 5, 6, 7, 8, 9, 10, 11, 12, 13, 14, 15, 16, 17"
2675,1734603945086,1734603946026,940,null,"1, 3, 4, 5, 6, 7, 8, 9, 10, 11, 12, 13, 14, 15, 16, 17"
2676,1734603945087,1734603946260,1173,null,"1, 3, 4, 5, 6, 7, 8, 9, 10, 11, 12, 13, 14, 15, 16, 17"
2677,1734603945175,1734603946260,1085,null,"1, 3, 4, 5, 6, 7, 8, 9, 10, 11, 12, 13, 14, 15, 16, 17"
2678,1734603945237,1734603946300,1063,null,"1, 3, 4, 5, 6, 7, 8, 9, 10, 11, 12, 13, 14, 15, 16, 17"
2679,1734603945305,1734603946317,1012,null,"1, 3, 4, 5, 6, 7, 8, 9, 10, 11, 12, 13, 14, 15, 16, 17"
2680,1734603945306,1734603946260,954,null,"1, 3, 4, 5, 6, 7, 8, 9, 10, 11, 12, 13, 14, 15, 16, 17"
2681,1734603945315,1734603946348,1033,null,"1, 3, 4, 5, 6, 7, 8, 9, 10, 11, 12, 13, 14, 15, 16, 17"
2682,1734603945400,1734603946479,1079,null,"1, 3, 4, 5, 6, 7, 8, 9, 10, 11, 12, 13, 14, 15, 16, 17"
2683,1734603945401,1734603946595,1194,null,"1, 3, 4, 5, 6, 7, 8, 9, 10, 11, 12, 13, 14, 15, 16, 17"
2684,1734603945403,1734603946729,1326,null,"1, 3, 4, 5, 6, 7, 8, 9, 10, 11, 12, 13, 14, 15, 16, 17"
2685,1734603945404,1734603946729,1325,null,"1, 3, 4, 5, 6, 7, 8, 9, 10, 11, 12, 13, 14, 15, 16, 17"
2686,1734603945493,1734603946381,888,null,"1, 3, 4, 5, 6, 7, 8, 9, 10, 11, 12, 13, 14, 15, 16, 17"
2687,1734603945494,1734603946668,1174,null,"1, 3, 4, 5, 6, 7, 8, 9, 10, 11, 12, 13, 14, 15, 16, 17"
2688,1734603945503,1734603946728,1225,null,"1, 3, 4, 5, 6, 7, 8, 9, 10, 11, 12, 13, 14, 15, 16, 17"
2689,1734603945535,1734603946563,1028,null,"1, 3, 4, 5, 6, 7, 8, 9, 10, 11, 12, 13, 14, 15, 16, 17"
2690,1734603945536,1734603946728,1192,null,"1, 3, 4, 5, 6, 7, 8, 9, 10, 11, 12, 13, 14, 15, 16, 17"
2691,1734603945585,1734603946381,796,null,"1, 3, 4, 5, 6, 7, 8, 9, 10, 11, 12, 13, 14, 15, 16, 17"
2692,1734603945587,1734603946479,892,null,"1, 3, 4, 5, 6, 7, 8, 9, 10, 11, 12, 13, 14, 15, 16, 17"
2693,1734603945648,1734603946937,1289,null,"1, 3, 4, 5, 6, 7, 8, 9, 10, 11, 12, 13, 14, 15, 16, 17"
2694,1734603945649,1734603946729,1080,null,"1, 3, 4, 5, 6, 7, 8, 9, 10, 11, 12, 13, 14, 15, 16, 17"
2695,1734603945651,1734603946729,1078,null,"1, 3, 4, 5, 6, 7, 8, 9, 10, 11, 12, 13, 14, 15, 16, 17"
2696,1734603945714,1734603946753,1039,null,"1, 3, 4, 5, 6, 7, 8, 9, 10, 11, 12, 13, 14, 15, 16, 17"
2697,1734603945715,1734603946937,1222,null,"1, 3, 4, 5, 6, 7, 8, 9, 10, 11, 12, 13, 14, 15, 16, 17"
2698,1734603945716,1734603947164,1448,null,"1, 3, 4, 5, 6, 7, 8, 9, 10, 11, 12, 13, 14, 15, 16, 17"
2699,1734603945803,1734603946802,999,null,"1, 3, 4, 5, 6, 7, 8, 9, 10, 11, 12, 13, 14, 15, 16, 17"
2700,1734603945804,1734603946929,1125,null,"1, 3, 4, 5, 6, 7, 8, 9, 10, 11, 12, 13, 14, 15, 16, 17"
2701,1734603945805,1734603946937,1132,null,"1, 3, 4, 5, 6, 7, 8, 9, 10, 11, 12, 13, 14, 15, 16, 17"
2702,1734603945888,1734603946937,1049,null,"1, 3, 4, 5, 6, 7, 8, 9, 10, 11, 12, 13, 14, 15, 16, 17"
2703,1734603945890,1734603947009,1119,null,"1, 3, 4, 5, 6, 7, 8, 9, 10, 11, 12, 13, 14, 15, 16, 17"
2704,1734603945937,1734603947118,1181,null,"1, 3, 4, 5, 6, 7, 8, 9, 10, 11, 12, 13, 14, 15, 16, 17"
2705,1734603945938,1734603946937,999,null,"1, 3, 4, 5, 6, 7, 8, 9, 10, 11, 12, 13, 14, 15, 16, 17"
2706,1734603945980,1734603946941,961,null,"1, 3, 4, 5, 6, 7, 8, 9, 10, 11, 12, 13, 14, 15, 16, 17"
2707,1734603946007,1734603947307,1300,null,"1, 3, 4, 5, 6, 7, 8, 9, 10, 11, 12, 13, 14, 15, 16, 17"
2708,1734603946018,1734603947306,1288,null,"1, 3, 4, 5, 6, 7, 8, 9, 10, 11, 12, 13, 14, 15, 16, 17"
2709,1734603946076,1734603947582,1506,null,"1, 3, 4, 5, 6, 7, 8, 9, 10, 11, 12, 13, 14, 15, 16, 17"
2710,1734603946077,1734603947559,1482,null,"1, 3, 4, 5, 6, 7, 8, 9, 10, 11, 12, 13, 14, 15, 16, 17"
2711,1734603946078,1734603947018,940,null,"1, 3, 4, 5, 6, 7, 8, 9, 10, 11, 12, 13, 14, 15, 16, 17"
2712,1734603946176,1734603947315,1139,null,"1, 3, 4, 5, 6, 7, 8, 9, 10, 11, 12, 13, 14, 15, 16, 17"
2713,1734603946177,1734603947315,1138,null,"1, 3, 4, 5, 6, 7, 8, 9, 10, 11, 12, 13, 14, 15, 16, 17"
2714,1734603946178,1734603947315,1137,null,"1, 3, 4, 5, 6, 7, 8, 9, 10, 11, 12, 13, 14, 15, 16, 17"
2715,1734603946221,1734603947045,824,null,"1, 3, 4, 5, 6, 7, 8, 9, 10, 11, 12, 13, 14, 15, 16, 17"
2716,1734603946223,1734603947323,1100,null,"1, 3, 4, 5, 6, 7, 8, 9, 10, 11, 12, 13, 14, 15, 16, 17"
2717,1734603946298,1734603947307,1009,null,"1, 3, 4, 5, 6, 7, 8, 9, 10, 11, 12, 13, 14, 15, 16, 17"
2718,1734603946299,1734603947315,1016,null,"1, 3, 4, 5, 6, 7, 8, 9, 10, 11, 12, 13, 14, 15, 16, 17"
2719,1734603946304,1734603947315,1011,null,"1, 3, 4, 5, 6, 7, 8, 9, 10, 11, 12, 13, 14, 15, 16, 17"
2720,1734603946371,1734603947801,1430,null,"1, 3, 4, 5, 6, 7, 8, 9, 10, 11, 12, 13, 14, 15, 16, 17"
2721,1734603946385,1734603947583,1198,null,"1, 3, 4, 5, 6, 7, 8, 9, 10, 11, 12, 13, 14, 15, 16, 17"
2722,1734603946386,1734603947111,725,null,"1, 3, 4, 5, 6, 7, 8, 9, 10, 11, 12, 13, 14, 15, 16, 17"
2723,1734603946446,1734603947558,1112,null,"1, 3, 4, 5, 6, 7, 8, 9, 10, 11, 12, 13, 14, 15, 16, 17"
2724,1734603946447,1734603947559,1112,null,"1, 3, 4, 5, 6, 7, 8, 9, 10, 11, 12, 13, 14, 15, 16, 17"
2725,1734603946453,1734603947558,1105,null,"1, 3, 4, 5, 6, 7, 8, 9, 10, 11, 12, 13, 14, 15, 16, 17"
2726,1734603946498,1734603947582,1084,null,"1, 3, 4, 5, 6, 7, 8, 9, 10, 11, 12, 13, 14, 15, 16, 17"
2727,1734603946499,1734603947377,878,null,"1, 3, 4, 5, 6, 7, 8, 9, 10, 11, 12, 13, 14, 15, 16, 17"
2728,1734603946500,1734603947583,1083,null,"1, 3, 4, 5, 6, 7, 8, 9, 10, 11, 12, 13, 14, 15, 16, 17"
2729,1734603946535,1734603947582,1047,null,"1, 3, 4, 5, 6, 7, 8, 9, 10, 11, 12, 13, 14, 15, 16, 17"
2730,1734603946536,1734603947372,836,null,"1, 3, 4, 5, 6, 7, 8, 9, 10, 11, 12, 13, 14, 15, 16, 17"
2731,1734603946589,1734603947559,970,null,"1, 3, 4, 5, 6, 7, 8, 9, 10, 11, 12, 13, 14, 15, 16, 17"
2732,1734603946591,1734603947583,992,null,"1, 3, 4, 5, 6, 7, 8, 9, 10, 11, 12, 13, 14, 15, 16, 17"
2733,1734603946592,1734603947725,1133,null,"1, 3, 4, 5, 6, 7, 8, 9, 10, 11, 12, 13, 14, 15, 16, 17"
2734,1734603946658,1734603947604,946,null,"1, 3, 4, 5, 6, 7, 8, 9, 10, 11, 12, 13, 14, 15, 16, 17"
2735,1734603946660,1734603947784,1124,null,"1, 3, 4, 5, 6, 7, 8, 9, 10, 11, 12, 13, 14, 15, 16, 17"
2736,1734603946661,1734603947558,897,null,"1, 3, 4, 5, 6, 7, 8, 9, 10, 11, 12, 13, 14, 15, 16, 17"
2737,1734603946770,1734603947927,1157,null,"1, 3, 4, 5, 6, 7, 8, 9, 10, 11, 12, 13, 14, 15, 16, 17"
2738,1734603946771,1734603947790,1019,null,"1, 3, 4, 5, 6, 7, 8, 9, 10, 11, 12, 13, 14, 15, 16, 17"
2739,1734603946773,1734603947784,1011,null,"1, 3, 4, 5, 6, 7, 8, 9, 10, 11, 12, 13, 14, 15, 16, 17"
2740,1734603946873,1734603947997,1124,null,"1, 3, 4, 5, 6, 7, 8, 9, 10, 11, 12, 13, 14, 15, 16, 17"
2741,1734603946874,1734603947809,935,null,"1, 3, 4, 5, 6, 7, 8, 9, 10, 11, 12, 13, 14, 15, 16, 17"
2742,1734603946876,1734603947915,1039,null,"1, 3, 4, 5, 6, 7, 8, 9, 10, 11, 12, 13, 14, 15, 16, 17"
2743,1734603946937,1734603947919,982,null,"1, 3, 4, 5, 6, 7, 8, 9, 10, 11, 12, 13, 14, 15, 16, 17"
2744,1734603946938,1734603948063,1125,null,"1, 3, 4, 5, 6, 7, 8, 9, 10, 11, 12, 13, 14, 15, 16, 17"
2745,1734603946939,1734603948031,1092,null,"1, 3, 4, 5, 6, 7, 8, 9, 10, 11, 12, 13, 14, 15, 16, 17"
2746,1734603947033,1734603947784,751,null,"1, 3, 4, 5, 6, 7, 8, 9, 10, 11, 12, 13, 14, 15, 16, 17"
2747,1734603947042,1734603948342,1300,null,"1, 3, 4, 5, 6, 7, 8, 9, 10, 11, 12, 13, 14, 15, 16, 17"
2748,1734603947089,1734603948156,1067,null,"1, 3, 4, 5, 6, 7, 8, 9, 10, 11, 12, 13, 14, 15, 16, 17"
2749,1734603947098,1734603947861,763,null,"1, 3, 4, 5, 6, 7, 8, 9, 10, 11, 12, 13, 14, 15, 16, 17"
2750,1734603947149,1734603948342,1193,null,"1, 3, 4, 5, 6, 7, 8, 9, 10, 11, 12, 13, 14, 15, 16, 17"
2751,1734603947150,1734603948199,1049,null,"1, 3, 4, 5, 6, 7, 8, 9, 10, 11, 12, 13, 14, 15, 16, 17"
2752,1734603947152,1734603948351,1199,null,"1, 3, 4, 5, 6, 7, 8, 9, 10, 11, 12, 13, 14, 15, 16, 17"
2753,1734603947217,1734603947997,780,null,"1, 3, 4, 5, 6, 7, 8, 9, 10, 11, 12, 13, 14, 15, 16, 17"
2754,1734603947218,1734603948248,1030,null,"1, 3, 4, 5, 6, 7, 8, 9, 10, 11, 12, 13, 14, 15, 16, 17"
2755,1734603947220,1734603948175,955,null,"1, 3, 4, 5, 6, 7, 8, 9, 10, 11, 12, 13, 14, 15, 16, 17"
2756,1734603947221,1734603947997,776,null,"1, 3, 4, 5, 6, 7, 8, 9, 10, 11, 12, 13, 14, 15, 16, 17"
2757,1734603947222,1734603948031,809,null,"1, 3, 4, 5, 6, 7, 8, 9, 10, 11, 12, 13, 14, 15, 16, 17"
2758,1734603947262,1734603948500,1238,null,"1, 3, 4, 5, 6, 7, 8, 9, 10, 11, 12, 13, 14, 15, 16, 17"
2759,1734603947324,1734603948419,1095,null,"1, 3, 4, 5, 6, 7, 8, 9, 10, 11, 12, 13, 14, 15, 16, 17"
2760,1734603947348,1734603948573,1225,null,"1, 3, 4, 5, 6, 7, 8, 9, 10, 11, 12, 13, 14, 15, 16, 17"
2761,1734603947448,1734603948682,1234,null,"1, 3, 4, 5, 6, 7, 8, 9, 10, 11, 12, 13, 14, 15, 16, 17"
2762,1734603947463,1734603948545,1082,null,"1, 3, 4, 5, 6, 7, 8, 9, 10, 11, 12, 13, 14, 15, 16, 17"
2763,1734603947557,1734603948682,1125,null,"1, 3, 4, 5, 6, 7, 8, 9, 10, 11, 12, 13, 14, 15, 16, 17"
2764,1734603947626,1734603948682,1056,null,"1, 3, 4, 5, 6, 7, 8, 9, 10, 11, 12, 13, 14, 15, 16, 17"
2765,1734603947710,1734603948773,1063,null,"1, 3, 4, 5, 6, 7, 8, 9, 10, 11, 12, 13, 14, 15, 16, 17"
2766,1734603947711,1734603948682,971,null,"1, 3, 4, 5, 6, 7, 8, 9, 10, 11, 12, 13, 14, 15, 16, 17"
2767,1734603947770,1734603948822,1052,null,"1, 3, 4, 5, 6, 7, 8, 9, 10, 11, 12, 13, 14, 15, 16, 17"
2768,1734603947787,1734603948563,776,null,"1, 3, 4, 5, 6, 7, 8, 9, 10, 11, 12, 13, 14, 15, 16, 17"
2769,1734603947793,1734603949147,1354,null,"1, 3, 4, 5, 6, 7, 8, 9, 10, 11, 12, 13, 14, 15, 16, 17"
2770,1734603947855,1734603949146,1291,null,"1, 3, 4, 5, 6, 7, 8, 9, 10, 11, 12, 13, 14, 15, 16, 17"
2771,1734603947864,1734603948801,937,null,"1, 3, 4, 5, 6, 7, 8, 9, 10, 11, 12, 13, 14, 15, 16, 17"
2772,1734603947865,1734603948682,817,null,"1, 3, 4, 5, 6, 7, 8, 9, 10, 11, 12, 13, 14, 15, 16, 17"
2773,1734603947917,1734603948969,1052,null,"1, 3, 4, 5, 6, 7, 8, 9, 10, 11, 12, 13, 14, 15, 16, 17"
2774,1734603947950,1734603949146,1196,null,"1, 3, 4, 5, 6, 7, 8, 9, 10, 11, 12, 13, 14, 15, 16, 17"
2775,1734603948019,1734603948801,782,null,"1, 3, 4, 5, 6, 7, 8, 9, 10, 11, 12, 13, 14, 15, 16, 17"
2776,1734603948020,1734603948998,978,null,"1, 3, 4, 5, 6, 7, 8, 9, 10, 11, 12, 13, 14, 15, 16, 17"
2777,1734603948021,1734603948946,925,null,"1, 3, 4, 5, 6, 7, 8, 9, 10, 11, 12, 13, 14, 15, 16, 17"
2778,1734603948062,1734603949211,1149,null,"1, 3, 4, 5, 6, 7, 8, 9, 10, 11, 12, 13, 14, 15, 16, 17"
2779,1734603948064,1734603948873,809,null,"1, 3, 4, 5, 6, 7, 8, 9, 10, 11, 12, 13, 14, 15, 16, 17"
2780,1734603948065,1734603949147,1082,null,"1, 3, 4, 5, 6, 7, 8, 9, 10, 11, 12, 13, 14, 15, 16, 17"
2781,1734603948123,1734603949146,1023,null,"1, 3, 4, 5, 6, 7, 8, 9, 10, 11, 12, 13, 14, 15, 16, 17"
2782,1734603948125,1734603949147,1022,null,"1, 3, 4, 5, 6, 7, 8, 9, 10, 11, 12, 13, 14, 15, 16, 17"
2783,1734603948160,1734603948970,810,null,"1, 3, 4, 5, 6, 7, 8, 9, 10, 11, 12, 13, 14, 15, 16, 17"
2784,1734603948161,1734603949147,986,null,"1, 3, 4, 5, 6, 7, 8, 9, 10, 11, 12, 13, 14, 15, 16, 17"
2785,1734603948163,1734603949054,891,null,"1, 3, 4, 5, 6, 7, 8, 9, 10, 11, 12, 13, 14, 15, 16, 17"
2786,1734603948221,1734603949232,1011,null,"1, 3, 4, 5, 6, 7, 8, 9, 10, 11, 12, 13, 14, 15, 16, 17"
2787,1734603948222,1734603949147,925,null,"1, 3, 4, 5, 6, 7, 8, 9, 10, 11, 12, 13, 14, 15, 16, 17"
2788,1734603948223,1734603949194,971,null,"1, 3, 4, 5, 6, 7, 8, 9, 10, 11, 12, 13, 14, 15, 16, 17"
2789,1734603948324,1734603948946,622,null,"1, 3, 4, 5, 6, 7, 8, 9, 10, 11, 12, 13, 14, 15, 16, 17"
2790,1734603948326,1734603949466,1140,null,"1, 3, 4, 5, 6, 7, 8, 9, 10, 11, 12, 13, 14, 15, 16, 17"
2791,1734603948360,1734603949165,805,null,"1, 3, 4, 5, 6, 7, 8, 9, 10, 11, 12, 13, 14, 15, 16, 17"
2792,1734603948361,1734603949147,786,null,"1, 3, 4, 5, 6, 7, 8, 9, 10, 11, 12, 13, 14, 15, 16, 17"
2793,1734603948363,1734603949147,784,null,"1, 3, 4, 5, 6, 7, 8, 9, 10, 11, 12, 13, 14, 15, 16, 17"
2794,1734603948438,1734603949467,1029,null,"1, 3, 4, 5, 6, 7, 8, 9, 10, 11, 12, 13, 14, 15, 16, 17"
2795,1734603948439,1734603949505,1066,null,"1, 3, 4, 5, 6, 7, 8, 9, 10, 11, 12, 13, 14, 15, 16, 17"
2796,1734603948441,1734603949743,1302,null,"1, 3, 4, 5, 6, 7, 8, 9, 10, 11, 12, 13, 14, 15, 16, 17"
2797,1734603948480,1734603949503,1023,null,"1, 3, 4, 5, 6, 7, 8, 9, 10, 11, 12, 13, 14, 15, 16, 17"
2798,1734603948481,1734603949147,666,null,"1, 3, 4, 5, 6, 7, 8, 9, 10, 11, 12, 13, 14, 15, 16, 17"
2799,1734603948490,1734603949147,657,null,"1, 3, 4, 5, 6, 7, 8, 9, 10, 11, 12, 13, 14, 15, 16, 17"
2800,1734603948533,1734603949613,1080,null,"1, 3, 4, 5, 6, 7, 8, 9, 10, 11, 12, 13, 14, 15, 16, 17"
2801,1734603948546,1734603949625,1079,null,"1, 3, 4, 5, 6, 7, 8, 9, 10, 11, 12, 13, 14, 15, 16, 17"
2802,1734603948555,1734603949147,592,null,"1, 3, 4, 5, 6, 7, 8, 9, 10, 11, 12, 13, 14, 15, 16, 17"
2803,1734603948600,1734603949743,1143,null,"1, 3, 4, 5, 6, 7, 8, 9, 10, 11, 12, 13, 14, 15, 16, 17"
2804,1734603948632,1734603949613,981,null,"1, 3, 4, 5, 6, 7, 8, 9, 10, 11, 12, 13, 14, 15, 16, 17"
2805,1734603948674,1734603950030,1356,null,"1, 3, 4, 5, 6, 7, 8, 9, 10, 11, 12, 13, 14, 15, 16, 17"
2806,1734603948729,1734603949943,1214,null,"1, 3, 4, 5, 6, 7, 8, 9, 10, 11, 12, 13, 14, 15, 16, 17"
2807,1734603948734,1734603949742,1008,null,"1, 3, 4, 5, 6, 7, 8, 9, 10, 11, 12, 13, 14, 15, 16, 17"
2808,1734603948739,1734603949845,1106,null,"1, 3, 4, 5, 6, 7, 8, 9, 10, 11, 12, 13, 14, 15, 16, 17"
2809,1734603948741,1734603949613,872,null,"1, 3, 4, 5, 6, 7, 8, 9, 10, 11, 12, 13, 14, 15, 16, 17"
2810,1734603948742,1734603949790,1048,null,"1, 3, 4, 5, 6, 7, 8, 9, 10, 11, 12, 13, 14, 15, 16, 17"
2811,1734603948791,1734603950077,1286,null,"1, 3, 4, 5, 6, 7, 8, 9, 10, 11, 12, 13, 14, 15, 16, 17"
2812,1734603948799,1734603949742,943,null,"1, 3, 4, 5, 6, 7, 8, 9, 10, 11, 12, 13, 14, 15, 16, 17"
2813,1734603948800,1734603949859,1059,null,"1, 3, 4, 5, 6, 7, 8, 9, 10, 11, 12, 13, 14, 15, 16, 17"
2814,1734603948919,1734603949970,1051,null,"1, 3, 4, 5, 6, 7, 8, 9, 10, 11, 12, 13, 14, 15, 16, 17"
2815,1734603948963,1734603949742,779,null,"1, 3, 4, 5, 6, 7, 8, 9, 10, 11, 12, 13, 14, 15, 16, 17"
2816,1734603948965,1734603950141,1176,null,"1, 3, 4, 5, 6, 7, 8, 9, 10, 11, 12, 13, 14, 15, 16, 17"
2817,1734603948966,1734603949869,903,null,"1, 3, 4, 5, 6, 7, 8, 9, 10, 11, 12, 13, 14, 15, 16, 17"
2818,1734603949080,1734603950332,1252,null,"1, 3, 4, 5, 6, 7, 8, 9, 10, 11, 12, 13, 14, 15, 16, 17"
2819,1734603949091,1734603949943,852,null,"1, 3, 4, 5, 6, 7, 8, 9, 10, 11, 12, 13, 14, 15, 16, 17"
2820,1734603949129,1734603950470,1341,null,"1, 3, 4, 5, 6, 7, 8, 9, 10, 11, 12, 13, 14, 15, 16, 17"
2821,1734603949170,1734603950470,1300,null,"1, 3, 4, 5, 6, 7, 8, 9, 10, 11, 12, 13, 14, 15, 16, 17"
2822,1734603949211,1734603950534,1323,null,"1, 3, 4, 5, 6, 7, 8, 9, 10, 11, 12, 13, 14, 15, 16, 17"
2823,1734603949213,1734603950141,928,null,"1, 3, 4, 5, 6, 7, 8, 9, 10, 11, 12, 13, 14, 15, 16, 17"
2824,1734603949214,1734603950470,1256,null,"1, 3, 4, 5, 6, 7, 8, 9, 10, 11, 12, 13, 14, 15, 16, 17"
2825,1734603949286,1734603950285,999,null,"1, 3, 4, 5, 6, 7, 8, 9, 10, 11, 12, 13, 14, 15, 16, 17"
2826,1734603949287,1734603950470,1183,null,"1, 3, 4, 5, 6, 7, 8, 9, 10, 11, 12, 13, 14, 15, 16, 17"
2827,1734603949289,1734603950323,1034,null,"1, 3, 4, 5, 6, 7, 8, 9, 10, 11, 12, 13, 14, 15, 16, 17"
2828,1734603949368,1734603950805,1437,null,"1, 3, 4, 5, 6, 7, 8, 9, 10, 11, 12, 13, 14, 15, 16, 17"
2829,1734603949377,1734603950470,1093,null,"1, 3, 4, 5, 6, 7, 8, 9, 10, 11, 12, 13, 14, 15, 16, 17"
2830,1734603949432,1734603950534,1102,null,"1, 3, 4, 5, 6, 7, 8, 9, 10, 11, 12, 13, 14, 15, 16, 17"
2831,1734603949434,1734603950534,1100,null,"1, 3, 4, 5, 6, 7, 8, 9, 10, 11, 12, 13, 14, 15, 16, 17"
2832,1734603949435,1734603950546,1111,null,"1, 3, 4, 5, 6, 7, 8, 9, 10, 11, 12, 13, 14, 15, 16, 17"
2833,1734603949503,1734603950644,1141,null,"1, 3, 4, 5, 6, 7, 8, 9, 10, 11, 12, 13, 14, 15, 16, 17"
2834,1734603949508,1734603950645,1137,null,"1, 3, 4, 5, 6, 7, 8, 9, 10, 11, 12, 13, 14, 15, 16, 17"
2835,1734603949510,1734603950738,1228,null,"1, 3, 4, 5, 6, 7, 8, 9, 10, 11, 12, 13, 14, 15, 16, 17"
2836,1734603949511,1734603951042,1531,null,"1, 3, 4, 5, 6, 7, 8, 9, 10, 11, 12, 13, 14, 15, 16, 17"
2837,1734603949533,1734603950644,1111,null,"1, 3, 4, 5, 6, 7, 8, 9, 10, 11, 12, 13, 14, 15, 16, 17"
2838,1734603949534,1734603950470,936,null,"1, 3, 4, 5, 6, 7, 8, 9, 10, 11, 12, 13, 14, 15, 16, 17"
2839,1734603949535,1734603950838,1303,null,"1, 3, 4, 5, 6, 7, 8, 9, 10, 11, 12, 13, 14, 15, 16, 17"
2840,1734603949674,1734603950792,1118,null,"1, 3, 4, 5, 6, 7, 8, 9, 10, 11, 12, 13, 14, 15, 16, 17"
2841,1734603949718,1734603950948,1230,null,"1, 3, 4, 5, 6, 7, 8, 9, 10, 11, 12, 13, 14, 15, 16, 17"
2842,1734603949719,1734603950470,751,null,"1, 3, 4, 5, 6, 7, 8, 9, 10, 11, 12, 13, 14, 15, 16, 17"
2843,1734603949721,1734603950560,839,null,"1, 3, 4, 5, 6, 7, 8, 9, 10, 11, 12, 13, 14, 15, 16, 17"
2844,1734603949786,1734603950645,859,null,"1, 3, 4, 5, 6, 7, 8, 9, 10, 11, 12, 13, 14, 15, 16, 17"
2845,1734603949787,1734603950470,683,null,"1, 3, 4, 5, 6, 7, 8, 9, 10, 11, 12, 13, 14, 15, 16, 17"
2846,1734603949849,1734603950899,1050,null,"1, 3, 4, 5, 6, 7, 8, 9, 10, 11, 12, 13, 14, 15, 16, 17"
2847,1734603949869,1734603950644,775,null,"1, 3, 4, 5, 6, 7, 8, 9, 10, 11, 12, 13, 14, 15, 16, 17"
2848,1734603949934,1734603950879,945,null,"1, 3, 4, 5, 6, 7, 8, 9, 10, 11, 12, 13, 14, 15, 16, 17"
2849,1734603949968,1734603951248,1280,null,"1, 3, 4, 5, 6, 7, 8, 9, 10, 11, 12, 13, 14, 15, 16, 17"
2850,1734603949970,1734603950838,868,null,"1, 3, 4, 5, 6, 7, 8, 9, 10, 11, 12, 13, 14, 15, 16, 17"
2851,1734603949971,1734603950948,977,null,"1, 3, 4, 5, 6, 7, 8, 9, 10, 11, 12, 13, 14, 15, 16, 17"
2852,1734603950019,1734603950949,930,null,"1, 3, 4, 5, 6, 7, 8, 9, 10, 11, 12, 13, 14, 15, 16, 17"
2853,1734603950060,1734603950989,929,null,"1, 3, 4, 5, 6, 7, 8, 9, 10, 11, 12, 13, 14, 15, 16, 17"
2854,1734603950061,1734603950948,887,null,"1, 3, 4, 5, 6, 7, 8, 9, 10, 11, 12, 13, 14, 15, 16, 17"
2855,1734603950063,1734603951300,1237,null,"1, 3, 4, 5, 6, 7, 8, 9, 10, 11, 12, 13, 14, 15, 16, 17"
2856,1734603950132,1734603950838,706,null,"1, 3, 4, 5, 6, 7, 8, 9, 10, 11, 12, 13, 14, 15, 16, 17"
2857,1734603950133,1734603951249,1116,null,"1, 3, 4, 5, 6, 7, 8, 9, 10, 11, 12, 13, 14, 15, 16, 17"
2858,1734603950134,1734603951438,1304,null,"1, 3, 4, 5, 6, 7, 8, 9, 10, 11, 12, 13, 14, 15, 16, 17"
2859,1734603950139,1734603951091,952,null,"1, 3, 4, 5, 6, 7, 8, 9, 10, 11, 12, 13, 14, 15, 16, 17"
2860,1734603950140,1734603951438,1298,null,"1, 3, 4, 5, 6, 7, 8, 9, 10, 11, 12, 13, 14, 15, 16, 17"
2861,1734603950145,1734603951213,1068,null,"1, 3, 4, 5, 6, 7, 8, 9, 10, 11, 12, 13, 14, 15, 16, 17"
2862,1734603950182,1734603951305,1123,null,"1, 3, 4, 5, 6, 7, 8, 9, 10, 11, 12, 13, 14, 15, 16, 17"
2863,1734603950183,1734603951009,826,null,"1, 3, 4, 5, 6, 7, 8, 9, 10, 11, 12, 13, 14, 15, 16, 17"
2864,1734603950195,1734603951439,1244,null,"1, 3, 4, 5, 6, 7, 8, 9, 10, 11, 12, 13, 14, 15, 16, 17"
2865,1734603950247,1734603951169,922,null,"1, 3, 4, 5, 6, 7, 8, 9, 10, 11, 12, 13, 14, 15, 16, 17"
2866,1734603950256,1734603951438,1182,null,"1, 3, 4, 5, 6, 7, 8, 9, 10, 11, 12, 13, 14, 15, 16, 17"
2867,1734603950257,1734603951040,783,null,"1, 3, 4, 5, 6, 7, 8, 9, 10, 11, 12, 13, 14, 15, 16, 17"
2868,1734603950353,1734603951438,1085,null,"1, 3, 4, 5, 6, 7, 8, 9, 10, 11, 12, 13, 14, 15, 16, 17"
2869,1734603950361,1734603951246,885,null,"1, 3, 4, 5, 6, 7, 8, 9, 10, 11, 12, 13, 14, 15, 16, 17"
2870,1734603950363,1734603951438,1075,null,"1, 3, 4, 5, 6, 7, 8, 9, 10, 11, 12, 13, 14, 15, 16, 17"
2871,1734603950368,1734603951096,728,null,"1, 3, 4, 5, 6, 7, 8, 9, 10, 11, 12, 13, 14, 15, 16, 17"
2872,1734603950442,1734603951869,1427,null,"1, 3, 4, 5, 6, 7, 8, 9, 10, 11, 12, 13, 14, 15, 16, 17"
2873,1734603950497,1734603951519,1022,null,"1, 3, 4, 5, 6, 7, 8, 9, 10, 11, 12, 13, 14, 15, 16, 17"
2874,1734603950547,1734603951866,1319,null,"1, 3, 4, 5, 6, 7, 8, 9, 10, 11, 12, 13, 14, 15, 16, 17"
2875,1734603950548,1734603951474,926,null,"1, 3, 4, 5, 6, 7, 8, 9, 10, 11, 12, 13, 14, 15, 16, 17"
2876,1734603950619,1734603951746,1127,null,"1, 3, 4, 5, 6, 7, 8, 9, 10, 11, 12, 13, 14, 15, 16, 17"
2877,1734603950620,1734603951469,849,null,"1, 3, 4, 5, 6, 7, 8, 9, 10, 11, 12, 13, 14, 15, 16, 17"
2878,1734603950621,1734603951438,817,null,"1, 3, 4, 5, 6, 7, 8, 9, 10, 11, 12, 13, 14, 15, 16, 17"
2879,1734603950789,1734603951634,845,null,"1, 3, 4, 5, 6, 7, 8, 9, 10, 11, 12, 13, 14, 15, 16, 17"
2880,1734603950790,1734603951439,649,null,"1, 3, 4, 5, 6, 7, 8, 9, 10, 11, 12, 13, 14, 15, 16, 17"
2881,1734603950792,1734603951866,1074,null,"1, 3, 4, 5, 6, 7, 8, 9, 10, 11, 12, 13, 14, 15, 16, 17"
2882,1734603950856,1734603951438,582,null,"1, 3, 4, 5, 6, 7, 8, 9, 10, 11, 12, 13, 14, 15, 16, 17"
2883,1734603950857,1734603951746,889,null,"1, 3, 4, 5, 6, 7, 8, 9, 10, 11, 12, 13, 14, 15, 16, 17"
2884,1734603950951,1734603951778,827,null,"1, 3, 4, 5, 6, 7, 8, 9, 10, 11, 12, 13, 14, 15, 16, 17"
2885,1734603950953,1734603951923,970,null,"1, 3, 4, 5, 6, 7, 8, 9, 10, 11, 12, 13, 14, 15, 16, 17"
2886,1734603950962,1734603952211,1249,null,"1, 3, 4, 5, 6, 7, 8, 9, 10, 11, 12, 13, 14, 15, 16, 17"
2887,1734603951006,1734603951746,740,null,"1, 3, 4, 5, 6, 7, 8, 9, 10, 11, 12, 13, 14, 15, 16, 17"
2888,1734603951007,1734603951819,812,null,"1, 3, 4, 5, 6, 7, 8, 9, 10, 11, 12, 13, 14, 15, 16, 17"
2889,1734603951059,1734603952308,1249,null,"1, 3, 4, 5, 6, 7, 8, 9, 10, 11, 12, 13, 14, 15, 16, 17"
2890,1734603951060,1734603952087,1027,null,"1, 3, 4, 5, 6, 7, 8, 9, 10, 11, 12, 13, 14, 15, 16, 17"
2891,1734603951061,1734603951747,686,null,"1, 3, 4, 5, 6, 7, 8, 9, 10, 11, 12, 13, 14, 15, 16, 17"
2892,1734603951144,1734603951747,603,null,"1, 3, 4, 5, 6, 7, 8, 9, 10, 11, 12, 13, 14, 15, 16, 17"
2893,1734603951150,1734603951970,820,null,"1, 3, 4, 5, 6, 7, 8, 9, 10, 11, 12, 13, 14, 15, 16, 17"
2894,1734603951151,1734603952308,1157,null,"1, 3, 4, 5, 6, 7, 8, 9, 10, 11, 12, 13, 14, 15, 16, 17"
2895,1734603951229,1734603951946,717,null,"1, 3, 4, 5, 6, 7, 8, 9, 10, 11, 12, 13, 14, 15, 16, 17"
2896,1734603951230,1734603952089,859,null,"1, 3, 4, 5, 6, 7, 8, 9, 10, 11, 12, 13, 14, 15, 16, 17"
2897,1734603951288,1734603951866,578,null,"1, 3, 4, 5, 6, 7, 8, 9, 10, 11, 12, 13, 14, 15, 16, 17"
2898,1734603951289,1734603952168,879,null,"1, 3, 4, 5, 6, 7, 8, 9, 10, 11, 12, 13, 14, 15, 16, 17"
2899,1734603951290,1734603952308,1018,null,"1, 3, 4, 5, 6, 7, 8, 9, 10, 11, 12, 13, 14, 15, 16, 17"
2900,1734603951372,1734603952030,658,null,"1, 3, 4, 5, 6, 7, 8, 9, 10, 11, 12, 13, 14, 15, 16, 17"
2901,1734603951431,1734603952593,1162,null,"1, 3, 4, 5, 6, 7, 8, 9, 10, 11, 12, 13, 14, 15, 16, 17"
2902,1734603951464,1734603952430,966,null,"1, 3, 4, 5, 6, 7, 8, 9, 10, 11, 12, 13, 14, 15, 16, 17"
2903,1734603951465,1734603952417,952,null,"1, 3, 4, 5, 6, 7, 8, 9, 10, 11, 12, 13, 14, 15, 16, 17"
2904,1734603951469,1734603952592,1123,null,"1, 3, 4, 5, 6, 7, 8, 9, 10, 11, 12, 13, 14, 15, 16, 17"
2905,1734603951511,1734603952593,1082,null,"1, 3, 4, 5, 6, 7, 8, 9, 10, 11, 12, 13, 14, 15, 16, 17"
2906,1734603951512,1734603952593,1081,null,"1, 3, 4, 5, 6, 7, 8, 9, 10, 11, 12, 13, 14, 15, 16, 17"
2907,1734603951583,1734603952592,1009,null,"1, 3, 4, 5, 6, 7, 8, 9, 10, 11, 12, 13, 14, 15, 16, 17"
2908,1734603951584,1734603952417,833,null,"1, 3, 4, 5, 6, 7, 8, 9, 10, 11, 12, 13, 14, 15, 16, 17"
2909,1734603951600,1734603952594,994,null,"1, 3, 4, 5, 6, 7, 8, 9, 10, 11, 12, 13, 14, 15, 16, 17"
2910,1734603951652,1734603952666,1014,null,"1, 3, 4, 5, 6, 7, 8, 9, 10, 11, 12, 13, 14, 15, 16, 17"
2911,1734603951653,1734603952593,940,null,"1, 3, 4, 5, 6, 7, 8, 9, 10, 11, 12, 13, 14, 15, 16, 17"
2912,1734603951739,1734603952592,853,null,"1, 3, 4, 5, 6, 7, 8, 9, 10, 11, 12, 13, 14, 15, 16, 17"
2913,1734603951740,1734603952593,853,null,"1, 3, 4, 5, 6, 7, 8, 9, 10, 11, 12, 13, 14, 15, 16, 17"
2914,1734603951742,1734603952593,851,null,"1, 3, 4, 5, 6, 7, 8, 9, 10, 11, 12, 13, 14, 15, 16, 17"
2915,1734603951866,1734603952968,1102,null,"1, 3, 4, 5, 6, 7, 8, 9, 10, 11, 12, 13, 14, 15, 16, 17"
2916,1734603951867,1734603952775,908,null,"1, 3, 4, 5, 6, 7, 8, 9, 10, 11, 12, 13, 14, 15, 16, 17"
2917,1734603951868,1734603952593,725,null,"1, 3, 4, 5, 6, 7, 8, 9, 10, 11, 12, 13, 14, 15, 16, 17"
2918,1734603951938,1734603952838,900,null,"1, 3, 4, 5, 6, 7, 8, 9, 10, 11, 12, 13, 14, 15, 16, 17"
2919,1734603951940,1734603952679,739,null,"1, 3, 4, 5, 6, 7, 8, 9, 10, 11, 12, 13, 14, 15, 16, 17"
2920,1734603952019,1734603953108,1089,null,"1, 3, 4, 5, 6, 7, 8, 9, 10, 11, 12, 13, 14, 15, 16, 17"
2921,1734603952052,1734603953069,1017,null,"1, 3, 4, 5, 6, 7, 8, 9, 10, 11, 12, 13, 14, 15, 16, 17"
2922,1734603952054,1734603953286,1232,null,"1, 3, 4, 5, 6, 7, 8, 9, 10, 11, 12, 13, 14, 15, 16, 17"
2923,1734603952055,1734603952730,675,null,"1, 3, 4, 5, 6, 7, 8, 9, 10, 11, 12, 13, 14, 15, 16, 17"
2924,1734603952056,1734603952968,912,null,"1, 3, 4, 5, 6, 7, 8, 9, 10, 11, 12, 13, 14, 15, 16, 17"
2925,1734603952057,1734603953072,1015,null,"1, 3, 4, 5, 6, 7, 8, 9, 10, 11, 12, 13, 14, 15, 16, 17"
2926,1734603952112,1734603953286,1174,null,"1, 3, 4, 5, 6, 7, 8, 9, 10, 11, 12, 13, 14, 15, 16, 17"
2927,1734603952113,1734603953260,1147,null,"1, 3, 4, 5, 6, 7, 8, 9, 10, 11, 12, 13, 14, 15, 16, 17"
2928,1734603952115,1734603952821,706,null,"1, 3, 4, 5, 6, 7, 8, 9, 10, 11, 12, 13, 14, 15, 16, 17"
2929,1734603952181,1734603952593,412,null,"1, 3, 4, 5, 6, 7, 8, 9, 10, 11, 12, 13, 14, 15, 16, 17"
2930,1734603952182,1734603952666,484,null,"1, 3, 4, 5, 6, 7, 8, 9, 10, 11, 12, 13, 14, 15, 16, 17"
2931,1734603952240,1734603953015,775,null,"1, 3, 4, 5, 6, 7, 8, 9, 10, 11, 12, 13, 14, 15, 16, 17"
2932,1734603952241,1734603953398,1157,null,"1, 3, 4, 5, 6, 7, 8, 9, 10, 11, 12, 13, 14, 15, 16, 17"
2933,1734603952245,1734603952893,648,null,"1, 3, 4, 5, 6, 7, 8, 9, 10, 11, 12, 13, 14, 15, 16, 17"
2934,1734603952247,1734603953138,891,null,"1, 3, 4, 5, 6, 7, 8, 9, 10, 11, 12, 13, 14, 15, 16, 17"
2935,1734603952286,1734603953308,1022,null,"1, 3, 4, 5, 6, 7, 8, 9, 10, 11, 12, 13, 14, 15, 16, 17"
2936,1734603952332,1734603953398,1066,null,"1, 3, 4, 5, 6, 7, 8, 9, 10, 11, 12, 13, 14, 15, 16, 17"
2937,1734603952397,1734603953308,911,null,"1, 3, 4, 5, 6, 7, 8, 9, 10, 11, 12, 13, 14, 15, 16, 17"
2938,1734603952398,1734603953506,1108,null,"1, 3, 4, 5, 6, 7, 8, 9, 10, 11, 12, 13, 14, 15, 16, 17"
2939,1734603952399,1734603953457,1058,null,"1, 3, 4, 5, 6, 7, 8, 9, 10, 11, 12, 13, 14, 15, 16, 17"
2940,1734603952465,1734603953398,933,null,"1, 3, 4, 5, 6, 7, 8, 9, 10, 11, 12, 13, 14, 15, 16, 17"
2941,1734603952467,1734603953520,1053,null,"1, 3, 4, 5, 6, 7, 8, 9, 10, 11, 12, 13, 14, 15, 16, 17"
2942,1734603952468,1734603953661,1193,null,"1, 3, 4, 5, 6, 7, 8, 9, 10, 11, 12, 13, 14, 15, 16, 17"
2943,1734603952568,1734603953959,1391,null,"1, 3, 4, 5, 6, 7, 8, 9, 10, 11, 12, 13, 14, 15, 16, 17"
2944,1734603952574,1734603953773,1199,null,"1, 3, 4, 5, 6, 7, 8, 9, 10, 11, 12, 13, 14, 15, 16, 17"
2945,1734603952601,1734603953773,1172,null,"1, 3, 4, 5, 6, 7, 8, 9, 10, 11, 12, 13, 14, 15, 16, 17"
2946,1734603952602,1734603953844,1242,null,"1, 3, 4, 5, 6, 7, 8, 9, 10, 11, 12, 13, 14, 15, 16, 17"
2947,1734603952656,1734603953661,1005,null,"1, 3, 4, 5, 6, 7, 8, 9, 10, 11, 12, 13, 14, 15, 16, 17"
2948,1734603952657,1734603953661,1004,null,"1, 3, 4, 5, 6, 7, 8, 9, 10, 11, 12, 13, 14, 15, 16, 17"
2949,1734603952731,1734603953960,1229,null,"1, 3, 4, 5, 6, 7, 8, 9, 10, 11, 12, 13, 14, 15, 16, 17"
2950,1734603952732,1734603953959,1227,null,"1, 3, 4, 5, 6, 7, 8, 9, 10, 11, 12, 13, 14, 15, 16, 17"
2951,1734603952733,1734603953959,1226,null,"1, 3, 4, 5, 6, 7, 8, 9, 10, 11, 12, 13, 14, 15, 16, 17"
2952,1734603952823,1734603953959,1136,null,"1, 3, 4, 5, 6, 7, 8, 9, 10, 11, 12, 13, 14, 15, 16, 17"
2953,1734603952824,1734603953773,949,null,"1, 3, 4, 5, 6, 7, 8, 9, 10, 11, 12, 13, 14, 15, 16, 17"
2954,1734603952825,1734603954399,1574,null,"1, 3, 4, 5, 6, 7, 8, 9, 10, 11, 12, 13, 14, 15, 16, 17"
2955,1734603952923,1734603954027,1104,null,"1, 3, 4, 5, 6, 7, 8, 9, 10, 11, 12, 13, 14, 15, 16, 17"
2956,1734603952924,1734603953959,1035,null,"1, 3, 4, 5, 6, 7, 8, 9, 10, 11, 12, 13, 14, 15, 16, 17"
2957,1734603952925,1734603954156,1231,null,"1, 3, 4, 5, 6, 7, 8, 9, 10, 11, 12, 13, 14, 15, 16, 17"
2958,1734603952996,1734603954198,1202,null,"1, 3, 4, 5, 6, 7, 8, 9, 10, 11, 12, 13, 14, 15, 16, 17"
2959,1734603952997,1734603953773,776,null,"1, 3, 4, 5, 6, 7, 8, 9, 10, 11, 12, 13, 14, 15, 16, 17"
2960,1734603953044,1734603954327,1283,null,"1, 3, 4, 5, 6, 7, 8, 9, 10, 11, 12, 13, 14, 15, 16, 17"
2961,1734603953046,1734603953960,914,null,"1, 3, 4, 5, 6, 7, 8, 9, 10, 11, 12, 13, 14, 15, 16, 17"
2962,1734603953047,1734603953959,912,null,"1, 3, 4, 5, 6, 7, 8, 9, 10, 11, 12, 13, 14, 15, 16, 17"
2963,1734603953118,1734603954344,1226,null,"1, 3, 4, 5, 6, 7, 8, 9, 10, 11, 12, 13, 14, 15, 16, 17"
2964,1734603953135,1734603953856,721,null,"1, 3, 4, 5, 6, 7, 8, 9, 10, 11, 12, 13, 14, 15, 16, 17"
2965,1734603953154,1734603954400,1246,null,"1, 3, 4, 5, 6, 7, 8, 9, 10, 11, 12, 13, 14, 15, 16, 17"
2966,1734603953155,1734603954198,1043,null,"1, 3, 4, 5, 6, 7, 8, 9, 10, 11, 12, 13, 14, 15, 16, 17"
2967,1734603953216,1734603954400,1184,null,"1, 3, 4, 5, 6, 7, 8, 9, 10, 11, 12, 13, 14, 15, 16, 17"
2968,1734603953217,1734603954452,1235,null,"1, 3, 4, 5, 6, 7, 8, 9, 10, 11, 12, 13, 14, 15, 16, 17"
2969,1734603953275,1734603954344,1069,null,"1, 3, 4, 5, 6, 7, 8, 9, 10, 11, 12, 13, 14, 15, 16, 17"
2970,1734603953284,1734603954410,1126,null,"1, 3, 4, 5, 6, 7, 8, 9, 10, 11, 12, 13, 14, 15, 16, 17"
2971,1734603953285,1734603954077,792,null,"1, 3, 4, 5, 6, 7, 8, 9, 10, 11, 12, 13, 14, 15, 16, 17"
2972,1734603953286,1734603954401,1115,null,"1, 3, 4, 5, 6, 7, 8, 9, 10, 11, 12, 13, 14, 15, 16, 17"
2973,1734603953363,1734603954198,835,null,"1, 3, 4, 5, 6, 7, 8, 9, 10, 11, 12, 13, 14, 15, 16, 17"
2974,1734603953364,1734603954445,1081,null,"1, 3, 4, 5, 6, 7, 8, 9, 10, 11, 12, 13, 14, 15, 16, 17"
2975,1734603953365,1734603954399,1034,null,"1, 3, 4, 5, 6, 7, 8, 9, 10, 11, 12, 13, 14, 15, 16, 17"
2976,1734603953432,1734603954344,912,null,"1, 3, 4, 5, 6, 7, 8, 9, 10, 11, 12, 13, 14, 15, 16, 17"
2977,1734603953443,1734603954400,957,null,"1, 3, 4, 5, 6, 7, 8, 9, 10, 11, 12, 13, 14, 15, 16, 17"
2978,1734603953445,1734603954871,1426,null,"1, 3, 4, 5, 6, 7, 8, 9, 10, 11, 12, 13, 14, 15, 16, 17"
2979,1734603953499,1734603954399,900,null,"1, 3, 4, 5, 6, 7, 8, 9, 10, 11, 12, 13, 14, 15, 16, 17"
2980,1734603953500,1734603954872,1372,null,"1, 3, 4, 5, 6, 7, 8, 9, 10, 11, 12, 13, 14, 15, 16, 17"
2981,1734603953546,1734603954458,912,null,"1, 3, 4, 5, 6, 7, 8, 9, 10, 11, 12, 13, 14, 15, 16, 17"
2982,1734603953548,1734603954399,851,null,"1, 3, 4, 5, 6, 7, 8, 9, 10, 11, 12, 13, 14, 15, 16, 17"
2983,1734603953549,1734603954522,973,null,"1, 3, 4, 5, 6, 7, 8, 9, 10, 11, 12, 13, 14, 15, 16, 17"
2984,1734603953596,1734603954770,1174,null,"1, 3, 4, 5, 6, 7, 8, 9, 10, 11, 12, 13, 14, 15, 16, 17"
2985,1734603953597,1734603954673,1076,null,"1, 3, 4, 5, 6, 7, 8, 9, 10, 11, 12, 13, 14, 15, 16, 17"
2986,1734603953618,1734603954640,1022,null,"1, 3, 4, 5, 6, 7, 8, 9, 10, 11, 12, 13, 14, 15, 16, 17"
2987,1734603953619,1734603954582,963,null,"1, 3, 4, 5, 6, 7, 8, 9, 10, 11, 12, 13, 14, 15, 16, 17"
2988,1734603953620,1734603954765,1145,null,"1, 3, 4, 5, 6, 7, 8, 9, 10, 11, 12, 13, 14, 15, 16, 17"
2989,1734603953663,1734603954399,736,null,"1, 3, 4, 5, 6, 7, 8, 9, 10, 11, 12, 13, 14, 15, 16, 17"
2990,1734603953664,1734603954987,1323,null,"1, 3, 4, 5, 6, 7, 8, 9, 10, 11, 12, 13, 14, 15, 16, 17"
2991,1734603953665,1734603955032,1367,null,"1, 3, 4, 5, 6, 7, 8, 9, 10, 11, 12, 13, 14, 15, 16, 17"
2992,1734603953747,1734603955070,1323,null,"1, 3, 4, 5, 6, 7, 8, 9, 10, 11, 12, 13, 14, 15, 16, 17"
2993,1734603953748,1734603955032,1284,null,"1, 3, 4, 5, 6, 7, 8, 9, 10, 11, 12, 13, 14, 15, 16, 17"
2994,1734603953749,1734603954871,1122,null,"1, 3, 4, 5, 6, 7, 8, 9, 10, 11, 12, 13, 14, 15, 16, 17"
2995,1734603953810,1734603955032,1222,null,"1, 3, 4, 5, 6, 7, 8, 9, 10, 11, 12, 13, 14, 15, 16, 17"
2996,1734603953811,1734603954987,1176,null,"1, 3, 4, 5, 6, 7, 8, 9, 10, 11, 12, 13, 14, 15, 16, 17"
2997,1734603953812,1734603955349,1537,null,"1, 3, 4, 5, 6, 7, 8, 9, 10, 11, 12, 13, 14, 15, 16, 17"
2998,1734603953940,1734603954983,1043,null,"1, 3, 4, 5, 6, 7, 8, 9, 10, 11, 12, 13, 14, 15, 16, 17"
2999,1734603953942,1734603955040,1098,null,"1, 3, 4, 5, 6, 7, 8, 9, 10, 11, 12, 13, 14, 15, 16, 17"
3000,1734603953949,1734603955032,1083,null,"1, 3, 4, 5, 6, 7, 8, 9, 10, 11, 12, 13, 14, 15, 16, 17"
3001,1734603953987,1734603954987,1000,null,"1, 3, 4, 5, 6, 7, 8, 9, 10, 11, 12, 13, 14, 15, 16, 17"
3002,1734603954034,1734603955350,1316,null,"1, 3, 4, 5, 6, 7, 8, 9, 10, 11, 12, 13, 14, 15, 16, 17"
3003,1734603954036,1734603955061,1025,null,"1, 3, 4, 5, 6, 7, 8, 9, 10, 11, 12, 13, 14, 15, 16, 17"
3004,1734603954037,1734603955153,1116,null,"1, 3, 4, 5, 6, 7, 8, 9, 10, 11, 12, 13, 14, 15, 16, 17"
3005,1734603954129,1734603955550,1421,null,"1, 3, 4, 5, 6, 7, 8, 9, 10, 11, 12, 13, 14, 15, 16, 17"
3006,1734603954166,1734603955306,1140,null,"1, 3, 4, 5, 6, 7, 8, 9, 10, 11, 12, 13, 14, 15, 16, 17"
3007,1734603954167,1734603955319,1152,null,"1, 3, 4, 5, 6, 7, 8, 9, 10, 11, 12, 13, 14, 15, 16, 17"
3008,1734603954169,1734603955436,1267,null,"1, 3, 4, 5, 6, 7, 8, 9, 10, 11, 12, 13, 14, 15, 16, 17"
3009,1734603954233,1734603955317,1084,null,"1, 3, 4, 5, 6, 7, 8, 9, 10, 11, 12, 13, 14, 15, 16, 17"
3010,1734603954234,1734603955550,1316,null,"1, 3, 4, 5, 6, 7, 8, 9, 10, 11, 12, 13, 14, 15, 16, 17"
3011,1734603954235,1734603955698,1463,null,"1, 3, 4, 5, 6, 7, 8, 9, 10, 11, 12, 13, 14, 15, 16, 17"
3012,1734603954364,1734603955550,1186,null,"1, 3, 4, 5, 6, 7, 8, 9, 10, 11, 12, 13, 14, 15, 16, 17"
3013,1734603954366,1734603955673,1307,null,"1, 3, 4, 5, 6, 7, 8, 9, 10, 11, 12, 13, 14, 15, 16, 17"
3014,1734603954367,1734603955206,839,null,"1, 3, 4, 5, 6, 7, 8, 9, 10, 11, 12, 13, 14, 15, 16, 17"
3015,1734603954460,1734603955242,782,null,"1, 3, 4, 5, 6, 7, 8, 9, 10, 11, 12, 13, 14, 15, 16, 17"
3016,1734603954461,1734603955851,1390,null,"1, 3, 4, 5, 6, 7, 8, 9, 10, 11, 12, 13, 14, 15, 16, 17"
3017,1734603954463,1734603955439,976,null,"1, 3, 4, 5, 6, 7, 8, 9, 10, 11, 12, 13, 14, 15, 16, 17"
3018,1734603954464,1734603955070,606,null,"1, 3, 4, 5, 6, 7, 8, 9, 10, 11, 12, 13, 14, 15, 16, 17"
3019,1734603954576,1734603955468,892,null,"1, 3, 4, 5, 6, 7, 8, 9, 10, 11, 12, 13, 14, 15, 16, 17"
3020,1734603954577,1734603955281,704,null,"1, 3, 4, 5, 6, 7, 8, 9, 10, 11, 12, 13, 14, 15, 16, 17"
3021,1734603954579,1734603955683,1104,null,"1, 3, 4, 5, 6, 7, 8, 9, 10, 11, 12, 13, 14, 15, 16, 17"
3022,1734603954671,1734603955681,1010,null,"1, 3, 4, 5, 6, 7, 8, 9, 10, 11, 12, 13, 14, 15, 16, 17"
3023,1734603954701,1734603955684,983,null,"1, 3, 4, 5, 6, 7, 8, 9, 10, 11, 12, 13, 14, 15, 16, 17"
3024,1734603954703,1734603955680,977,null,"1, 3, 4, 5, 6, 7, 8, 9, 10, 11, 12, 13, 14, 15, 16, 17"
3025,1734603954773,1734603955582,809,null,"1, 3, 4, 5, 6, 7, 8, 9, 10, 11, 12, 13, 14, 15, 16, 17"
3026,1734603954778,1734603955682,904,null,"1, 3, 4, 5, 6, 7, 8, 9, 10, 11, 12, 13, 14, 15, 16, 17"
3027,1734603954783,1734603955949,1166,null,"1, 3, 4, 5, 6, 7, 8, 9, 10, 11, 12, 13, 14, 15, 16, 17"
3028,1734603954828,1734603955936,1108,null,"1, 3, 4, 5, 6, 7, 8, 9, 10, 11, 12, 13, 14, 15, 16, 17"
3029,1734603954829,1734603955909,1080,null,"1, 3, 4, 5, 6, 7, 8, 9, 10, 11, 12, 13, 14, 15, 16, 17"
3030,1734603954831,1734603956096,1265,null,"1, 3, 4, 5, 6, 7, 8, 9, 10, 11, 12, 13, 14, 15, 16, 17"
3031,1734603954871,1734603956096,1225,null,"1, 3, 4, 5, 6, 7, 8, 9, 10, 11, 12, 13, 14, 15, 16, 17"
3032,1734603954872,1734603955851,979,null,"1, 3, 4, 5, 6, 7, 8, 9, 10, 11, 12, 13, 14, 15, 16, 17"
3033,1734603954874,1734603955892,1018,null,"1, 3, 4, 5, 6, 7, 8, 9, 10, 11, 12, 13, 14, 15, 16, 17"
3034,1734603954994,1734603956096,1102,null,"1, 3, 4, 5, 6, 7, 8, 9, 10, 11, 12, 13, 14, 15, 16, 17"
3035,1734603955050,1734603955948,898,null,"1, 3, 4, 5, 6, 7, 8, 9, 10, 11, 12, 13, 14, 15, 16, 17"
3036,1734603955051,1734603956102,1051,null,"1, 3, 4, 5, 6, 7, 8, 9, 10, 11, 12, 13, 14, 15, 16, 17"
3037,1734603955123,1734603955911,788,null,"1, 3, 4, 5, 6, 7, 8, 9, 10, 11, 12, 13, 14, 15, 16, 17"
3038,1734603955124,1734603956096,972,null,"1, 3, 4, 5, 6, 7, 8, 9, 10, 11, 12, 13, 14, 15, 16, 17"
3039,1734603955196,1734603956173,977,null,"1, 3, 4, 5, 6, 7, 8, 9, 10, 11, 12, 13, 14, 15, 16, 17"
3040,1734603955201,1734603956100,899,null,"1, 3, 4, 5, 6, 7, 8, 9, 10, 11, 12, 13, 14, 15, 16, 17"
3041,1734603955203,1734603956144,941,null,"1, 3, 4, 5, 6, 7, 8, 9, 10, 11, 12, 13, 14, 15, 16, 17"
3042,1734603955243,1734603955771,528,null,"1, 3, 4, 5, 6, 7, 8, 9, 10, 11, 12, 13, 14, 15, 16, 17"
3043,1734603955244,1734603955946,702,null,"1, 3, 4, 5, 6, 7, 8, 9, 10, 11, 12, 13, 14, 15, 16, 17"
3044,1734603955261,1734603956235,974,null,"1, 3, 4, 5, 6, 7, 8, 9, 10, 11, 12, 13, 14, 15, 16, 17"
3045,1734603955363,1734603956442,1079,null,"1, 3, 4, 5, 6, 7, 8, 9, 10, 11, 12, 13, 14, 15, 16, 17"
3046,1734603955370,1734603956234,864,null,"1, 3, 4, 5, 6, 7, 8, 9, 10, 11, 12, 13, 14, 15, 16, 17"
3047,1734603955371,1734603956392,1021,null,"1, 3, 4, 5, 6, 7, 8, 9, 10, 11, 12, 13, 14, 15, 16, 17"
3048,1734603955419,1734603956276,857,null,"1, 3, 4, 5, 6, 7, 8, 9, 10, 11, 12, 13, 14, 15, 16, 17"
3049,1734603955465,1734603956306,841,null,"1, 3, 4, 5, 6, 7, 8, 9, 10, 11, 12, 13, 14, 15, 16, 17"
3050,1734603955514,1734603956347,833,null,"1, 3, 4, 5, 6, 7, 8, 9, 10, 11, 12, 13, 14, 15, 16, 17"
3051,1734603955516,1734603956434,918,null,"1, 3, 4, 5, 6, 7, 8, 9, 10, 11, 12, 13, 14, 15, 16, 17"
3052,1734603955517,1734603956173,656,null,"1, 3, 4, 5, 6, 7, 8, 9, 10, 11, 12, 13, 14, 15, 16, 17"
3053,1734603955584,1734603956501,917,null,"1, 3, 4, 5, 6, 7, 8, 9, 10, 11, 12, 13, 14, 15, 16, 17"
3054,1734603955586,1734603956633,1047,null,"1, 3, 4, 5, 6, 7, 8, 9, 10, 11, 12, 13, 14, 15, 16, 17"
3055,1734603955587,1734603956599,1012,null,"1, 3, 4, 5, 6, 7, 8, 9, 10, 11, 12, 13, 14, 15, 16, 17"
3056,1734603955656,1734603956633,977,null,"1, 3, 4, 5, 6, 7, 8, 9, 10, 11, 12, 13, 14, 15, 16, 17"
3057,1734603955662,1734603956600,938,null,"1, 3, 4, 5, 6, 7, 8, 9, 10, 11, 12, 13, 14, 15, 16, 17"
3058,1734603955670,1734603956757,1087,null,"1, 3, 4, 5, 6, 7, 8, 9, 10, 11, 12, 13, 14, 15, 16, 17"
3059,1734603955729,1734603956600,871,null,"1, 3, 4, 5, 6, 7, 8, 9, 10, 11, 12, 13, 14, 15, 16, 17"
3060,1734603955731,1734603956868,1137,null,"1, 3, 4, 5, 6, 7, 8, 9, 10, 11, 12, 13, 14, 15, 16, 17"
3061,1734603955822,1734603956633,811,null,"1, 3, 4, 5, 6, 7, 8, 9, 10, 11, 12, 13, 14, 15, 16, 17"
3062,1734603955857,1734603957028,1171,null,"1, 3, 4, 5, 6, 7, 8, 9, 10, 11, 12, 13, 14, 15, 16, 17"
3063,1734603955932,1734603956711,779,null,"1, 3, 4, 5, 6, 7, 8, 9, 10, 11, 12, 13, 14, 15, 16, 17"
3064,1734603955933,1734603956765,832,null,"1, 3, 4, 5, 6, 7, 8, 9, 10, 11, 12, 13, 14, 15, 16, 17"
3065,1734603956019,1734603957098,1079,null,"1, 3, 4, 5, 6, 7, 8, 9, 10, 11, 12, 13, 14, 15, 16, 17"
3066,1734603956020,1734603956790,770,null,"1, 3, 4, 5, 6, 7, 8, 9, 10, 11, 12, 13, 14, 15, 16, 17"
3067,1734603956022,1734603956865,843,null,"1, 3, 4, 5, 6, 7, 8, 9, 10, 11, 12, 13, 14, 15, 16, 17"
3068,1734603956087,1734603957023,936,null,"1, 3, 4, 5, 6, 7, 8, 9, 10, 11, 12, 13, 14, 15, 16, 17"
3069,1734603956094,1734603956915,821,null,"1, 3, 4, 5, 6, 7, 8, 9, 10, 11, 12, 13, 14, 15, 16, 17"
3070,1734603956096,1734603956894,798,null,"1, 3, 4, 5, 6, 7, 8, 9, 10, 11, 12, 13, 14, 15, 16, 17"
3071,1734603956136,1734603956867,731,null,"1, 3, 4, 5, 6, 7, 8, 9, 10, 11, 12, 13, 14, 15, 16, 17"
3072,1734603956146,1734603956969,823,null,"1, 3, 4, 5, 6, 7, 8, 9, 10, 11, 12, 13, 14, 15, 16, 17"
3073,1734603956223,1734603957286,1063,null,"1, 3, 4, 5, 6, 7, 8, 9, 10, 11, 12, 13, 14, 15, 16, 17"
3074,1734603956224,1734603957028,804,null,"1, 3, 4, 5, 6, 7, 8, 9, 10, 11, 12, 13, 14, 15, 16, 17"
3075,1734603956226,1734603957338,1112,null,"1, 3, 4, 5, 6, 7, 8, 9, 10, 11, 12, 13, 14, 15, 16, 17"
3076,1734603956290,1734603957431,1141,null,"1, 3, 4, 5, 6, 7, 8, 9, 10, 11, 12, 13, 14, 15, 16, 17"
3077,1734603956299,1734603957150,851,null,"1, 3, 4, 5, 6, 7, 8, 9, 10, 11, 12, 13, 14, 15, 16, 17"
3078,1734603956300,1734603957118,818,null,"1, 3, 4, 5, 6, 7, 8, 9, 10, 11, 12, 13, 14, 15, 16, 17"
3079,1734603956334,1734603957266,932,null,"1, 3, 4, 5, 6, 7, 8, 9, 10, 11, 12, 13, 14, 15, 16, 17"
3080,1734603956336,1734603957280,944,null,"1, 3, 4, 5, 6, 7, 8, 9, 10, 11, 12, 13, 14, 15, 16, 17"
3081,1734603956375,1734603957155,780,null,"1, 3, 4, 5, 6, 7, 8, 9, 10, 11, 12, 13, 14, 15, 16, 17"
3082,1734603956377,1734603957338,961,null,"1, 3, 4, 5, 6, 7, 8, 9, 10, 11, 12, 13, 14, 15, 16, 17"
3083,1734603956378,1734603957523,1145,null,"1, 3, 4, 5, 6, 7, 8, 9, 10, 11, 12, 13, 14, 15, 16, 17"
3084,1734603956465,1734603957093,628,null,"1, 3, 4, 5, 6, 7, 8, 9, 10, 11, 12, 13, 14, 15, 16, 17"
3085,1734603956466,1734603957467,1001,null,"1, 3, 4, 5, 6, 7, 8, 9, 10, 11, 12, 13, 14, 15, 16, 17"
3086,1734603956468,1734603957571,1103,null,"1, 3, 4, 5, 6, 7, 8, 9, 10, 11, 12, 13, 14, 15, 16, 17"
3087,1734603956469,1734603957286,817,null,"1, 3, 4, 5, 6, 7, 8, 9, 10, 11, 12, 13, 14, 15, 16, 17"
3088,1734603956538,1734603957338,800,null,"1, 3, 4, 5, 6, 7, 8, 9, 10, 11, 12, 13, 14, 15, 16, 17"
3089,1734603956631,1734603957523,892,null,"1, 3, 4, 5, 6, 7, 8, 9, 10, 11, 12, 13, 14, 15, 16, 17"
3090,1734603956643,1734603957687,1044,null,"1, 3, 4, 5, 6, 7, 8, 9, 10, 11, 12, 13, 14, 15, 16, 17"
3091,1734603956712,1734603957802,1090,null,"1, 3, 4, 5, 6, 7, 8, 9, 10, 11, 12, 13, 14, 15, 16, 17"
3092,1734603956720,1734603957700,980,null,"1, 3, 4, 5, 6, 7, 8, 9, 10, 11, 12, 13, 14, 15, 16, 17"
3093,1734603956721,1734603957795,1074,null,"1, 3, 4, 5, 6, 7, 8, 9, 10, 11, 12, 13, 14, 15, 16, 17"
3094,1734603956762,1734603957699,937,null,"1, 3, 4, 5, 6, 7, 8, 9, 10, 11, 12, 13, 14, 15, 16, 17"
3095,1734603956767,1734603957692,925,null,"1, 3, 4, 5, 6, 7, 8, 9, 10, 11, 12, 13, 14, 15, 16, 17"
3096,1734603956769,1734603957915,1146,null,"1, 3, 4, 5, 6, 7, 8, 9, 10, 11, 12, 13, 14, 15, 16, 17"
3097,1734603956819,1734603957905,1086,null,"1, 3, 4, 5, 6, 7, 8, 9, 10, 11, 12, 13, 14, 15, 16, 17"
3098,1734603956820,1734603957816,996,null,"1, 3, 4, 5, 6, 7, 8, 9, 10, 11, 12, 13, 14, 15, 16, 17"
3099,1734603956907,1734603957803,896,null,"1, 3, 4, 5, 6, 7, 8, 9, 10, 11, 12, 13, 14, 15, 16, 17"
3100,1734603956908,1734603957968,1060,null,"1, 3, 4, 5, 6, 7, 8, 9, 10, 11, 12, 13, 14, 15, 16, 17"
3101,1734603956971,1734603957905,934,null,"1, 3, 4, 5, 6, 7, 8, 9, 10, 11, 12, 13, 14, 15, 16, 17"
3102,1734603956976,1734603957905,929,null,"1, 3, 4, 5, 6, 7, 8, 9, 10, 11, 12, 13, 14, 15, 16, 17"
3103,1734603956998,1734603957905,907,null,"1, 3, 4, 5, 6, 7, 8, 9, 10, 11, 12, 13, 14, 15, 16, 17"
3104,1734603956999,1734603958219,1220,null,"1, 3, 4, 5, 6, 7, 8, 9, 10, 11, 12, 13, 14, 15, 16, 17"
3105,1734603957000,1734603957905,905,null,"1, 3, 4, 5, 6, 7, 8, 9, 10, 11, 12, 13, 14, 15, 16, 17"
3106,1734603957042,1734603958075,1033,null,"1, 3, 4, 5, 6, 7, 8, 9, 10, 11, 12, 13, 14, 15, 16, 17"
3107,1734603957044,1734603958284,1240,null,"1, 3, 4, 5, 6, 7, 8, 9, 10, 11, 12, 13, 14, 15, 16, 17"
3108,1734603957056,1734603958091,1035,null,"1, 3, 4, 5, 6, 7, 8, 9, 10, 11, 12, 13, 14, 15, 16, 17"
3109,1734603957094,1734603958336,1242,null,"1, 3, 4, 5, 6, 7, 8, 9, 10, 11, 12, 13, 14, 15, 16, 17"
3110,1734603957132,1734603958219,1087,null,"1, 3, 4, 5, 6, 7, 8, 9, 10, 11, 12, 13, 14, 15, 16, 17"
3111,1734603957133,1734603958016,883,null,"1, 3, 4, 5, 6, 7, 8, 9, 10, 11, 12, 13, 14, 15, 16, 17"
3112,1734603957175,1734603958125,950,null,"1, 3, 4, 5, 6, 7, 8, 9, 10, 11, 12, 13, 14, 15, 16, 17"
3113,1734603957176,1734603958281,1105,null,"1, 3, 4, 5, 6, 7, 8, 9, 10, 11, 12, 13, 14, 15, 16, 17"
3114,1734603957178,1734603958219,1041,null,"1, 3, 4, 5, 6, 7, 8, 9, 10, 11, 12, 13, 14, 15, 16, 17"
3115,1734603957237,1734603958219,982,null,"1, 3, 4, 5, 6, 7, 8, 9, 10, 11, 12, 13, 14, 15, 16, 17"
3116,1734603957238,1734603958538,1300,null,"1, 3, 4, 5, 6, 7, 8, 9, 10, 11, 12, 13, 14, 15, 16, 17"
3117,1734603957307,1734603958219,912,null,"1, 3, 4, 5, 6, 7, 8, 9, 10, 11, 12, 13, 14, 15, 16, 17"
3118,1734603957314,1734603958657,1343,null,"1, 3, 4, 5, 6, 7, 8, 9, 10, 11, 12, 13, 14, 15, 16, 17"
3119,1734603957315,1734603958219,904,null,"1, 3, 4, 5, 6, 7, 8, 9, 10, 11, 12, 13, 14, 15, 16, 17"
3120,1734603957353,1734603958394,1041,null,"1, 3, 4, 5, 6, 7, 8, 9, 10, 11, 12, 13, 14, 15, 16, 17"
3121,1734603957354,1734603958281,927,null,"1, 3, 4, 5, 6, 7, 8, 9, 10, 11, 12, 13, 14, 15, 16, 17"
3122,1734603957355,1734603958364,1009,null,"1, 3, 4, 5, 6, 7, 8, 9, 10, 11, 12, 13, 14, 15, 16, 17"
3123,1734603957405,1734603958657,1252,null,"1, 3, 4, 5, 6, 7, 8, 9, 10, 11, 12, 13, 14, 15, 16, 17"
3124,1734603957414,1734603958871,1457,null,"1, 3, 4, 5, 6, 7, 8, 9, 10, 11, 12, 13, 14, 15, 16, 17"
3125,1734603957465,1734603958657,1192,null,"1, 3, 4, 5, 6, 7, 8, 9, 10, 11, 12, 13, 14, 15, 16, 17"
3126,1734603957466,1734603958683,1217,null,"1, 3, 4, 5, 6, 7, 8, 9, 10, 11, 12, 13, 14, 15, 16, 17"
3127,1734603957468,1734603958528,1060,null,"1, 3, 4, 5, 6, 7, 8, 9, 10, 11, 12, 13, 14, 15, 16, 17"
3128,1734603957525,1734603958683,1158,null,"1, 3, 4, 5, 6, 7, 8, 9, 10, 11, 12, 13, 14, 15, 16, 17"
3129,1734603957526,1734603958953,1427,null,"1, 3, 4, 5, 6, 7, 8, 9, 10, 11, 12, 13, 14, 15, 16, 17"
3130,1734603957576,1734603958505,929,null,"1, 3, 4, 5, 6, 7, 8, 9, 10, 11, 12, 13, 14, 15, 16, 17"
3131,1734603957577,1734603958528,951,null,"1, 3, 4, 5, 6, 7, 8, 9, 10, 11, 12, 13, 14, 15, 16, 17"
3132,1734603957578,1734603958717,1139,null,"1, 3, 4, 5, 6, 7, 8, 9, 10, 11, 12, 13, 14, 15, 16, 17"
3133,1734603957591,1734603958657,1066,null,"1, 3, 4, 5, 6, 7, 8, 9, 10, 11, 12, 13, 14, 15, 16, 17"
3134,1734603957592,1734603958505,913,null,"1, 3, 4, 5, 6, 7, 8, 9, 10, 11, 12, 13, 14, 15, 16, 17"
3135,1734603957663,1734603958953,1290,null,"1, 3, 4, 5, 6, 7, 8, 9, 10, 11, 12, 13, 14, 15, 16, 17"
3136,1734603957699,1734603958793,1094,null,"1, 3, 4, 5, 6, 7, 8, 9, 10, 11, 12, 13, 14, 15, 16, 17"
3137,1734603957701,1734603958970,1269,null,"1, 3, 4, 5, 6, 7, 8, 9, 10, 11, 12, 13, 14, 15, 16, 17"
3138,1734603957752,1734603959115,1363,null,"1, 3, 4, 5, 6, 7, 8, 9, 10, 11, 12, 13, 14, 15, 16, 17"
3139,1734603957753,1734603958971,1218,null,"1, 3, 4, 5, 6, 7, 8, 9, 10, 11, 12, 13, 14, 15, 16, 17"
3140,1734603957817,1734603958898,1081,null,"1, 3, 4, 5, 6, 7, 8, 9, 10, 11, 12, 13, 14, 15, 16, 17"
3141,1734603957819,1734603959039,1220,null,"1, 3, 4, 5, 6, 7, 8, 9, 10, 11, 12, 13, 14, 15, 16, 17"
3142,1734603957833,1734603958971,1138,null,"1, 3, 4, 5, 6, 7, 8, 9, 10, 11, 12, 13, 14, 15, 16, 17"
3143,1734603957944,1734603959213,1269,null,"1, 3, 4, 5, 6, 7, 8, 9, 10, 11, 12, 13, 14, 15, 16, 17"
3144,1734603957946,1734603958971,1025,null,"1, 3, 4, 5, 6, 7, 8, 9, 10, 11, 12, 13, 14, 15, 16, 17"
3145,1734603958003,1734603959030,1027,null,"1, 3, 4, 5, 6, 7, 8, 9, 10, 11, 12, 13, 14, 15, 16, 17"
3146,1734603958004,1734603958970,966,null,"1, 3, 4, 5, 6, 7, 8, 9, 10, 11, 12, 13, 14, 15, 16, 17"
3147,1734603958006,1734603959245,1239,null,"1, 3, 4, 5, 6, 7, 8, 9, 10, 11, 12, 13, 14, 15, 16, 17"
3148,1734603958067,1734603959350,1283,null,"1, 3, 4, 5, 6, 7, 8, 9, 10, 11, 12, 13, 14, 15, 16, 17"
3149,1734603958068,1734603959245,1177,null,"1, 3, 4, 5, 6, 7, 8, 9, 10, 11, 12, 13, 14, 15, 16, 17"
3150,1734603958069,1734603959350,1281,null,"1, 3, 4, 5, 6, 7, 8, 9, 10, 11, 12, 13, 14, 15, 16, 17"
3151,1734603958175,1734603959390,1215,null,"1, 3, 4, 5, 6, 7, 8, 9, 10, 11, 12, 13, 14, 15, 16, 17"
3152,1734603958180,1734603959461,1281,null,"1, 3, 4, 5, 6, 7, 8, 9, 10, 11, 12, 13, 14, 15, 16, 17"
3153,1734603958219,1734603959560,1341,null,"1, 3, 4, 5, 6, 7, 8, 9, 10, 11, 12, 13, 14, 15, 16, 17"
3154,1734603958220,1734603958971,751,null,"1, 3, 4, 5, 6, 7, 8, 9, 10, 11, 12, 13, 14, 15, 16, 17"
3155,1734603958222,1734603959365,1143,null,"1, 3, 4, 5, 6, 7, 8, 9, 10, 11, 12, 13, 14, 15, 16, 17"
3156,1734603958231,1734603959561,1330,null,"1, 3, 4, 5, 6, 7, 8, 9, 10, 11, 12, 13, 14, 15, 16, 17"
3157,1734603958232,1734603959363,1131,null,"1, 3, 4, 5, 6, 7, 8, 9, 10, 11, 12, 13, 14, 15, 16, 17"
3158,1734603958312,1734603959430,1118,null,"1, 3, 4, 5, 6, 7, 8, 9, 10, 11, 12, 13, 14, 15, 16, 17"
3159,1734603958313,1734603959192,879,null,"1, 3, 4, 5, 6, 7, 8, 9, 10, 11, 12, 13, 14, 15, 16, 17"
3160,1734603958314,1734603959550,1236,null,"1, 3, 4, 5, 6, 7, 8, 9, 10, 11, 12, 13, 14, 15, 16, 17"
3161,1734603958460,1734603959523,1063,null,"1, 3, 4, 5, 6, 7, 8, 9, 10, 11, 12, 13, 14, 15, 16, 17"
3162,1734603958493,1734603959727,1234,null,"1, 3, 4, 5, 6, 7, 8, 9, 10, 11, 12, 13, 14, 15, 16, 17"
3163,1734603958502,1734603959974,1472,null,"1, 3, 4, 5, 6, 7, 8, 9, 10, 11, 12, 13, 14, 15, 16, 17"
3164,1734603958503,1734603959727,1224,null,"1, 3, 4, 5, 6, 7, 8, 9, 10, 11, 12, 13, 14, 15, 16, 17"
3165,1734603958505,1734603959606,1101,null,"1, 3, 4, 5, 6, 7, 8, 9, 10, 11, 12, 13, 14, 15, 16, 17"
3166,1734603958564,1734603959727,1163,null,"1, 3, 4, 5, 6, 7, 8, 9, 10, 11, 12, 13, 14, 15, 16, 17"
3167,1734603958565,1734603959459,894,null,"1, 3, 4, 5, 6, 7, 8, 9, 10, 11, 12, 13, 14, 15, 16, 17"
3168,1734603958629,1734603959359,730,null,"1, 3, 4, 5, 6, 7, 8, 9, 10, 11, 12, 13, 14, 15, 16, 17"
3169,1734603958631,1734603959751,1120,null,"1, 3, 4, 5, 6, 7, 8, 9, 10, 11, 12, 13, 14, 15, 16, 17"
3170,1734603958691,1734603959715,1024,null,"1, 3, 4, 5, 6, 7, 8, 9, 10, 11, 12, 13, 14, 15, 16, 17"
3171,1734603958692,1734603959495,803,null,"1, 3, 4, 5, 6, 7, 8, 9, 10, 11, 12, 13, 14, 15, 16, 17"
3172,1734603958694,1734603959488,794,null,"1, 3, 4, 5, 6, 7, 8, 9, 10, 11, 12, 13, 14, 15, 16, 17"
3173,1734603958695,1734603959750,1055,null,"1, 3, 4, 5, 6, 7, 8, 9, 10, 11, 12, 13, 14, 15, 16, 17"
3174,1734603958793,1734603959972,1179,null,"1, 3, 4, 5, 6, 7, 8, 9, 10, 11, 12, 13, 14, 15, 16, 17"
3175,1734603958840,1734603959727,887,null,"1, 3, 4, 5, 6, 7, 8, 9, 10, 11, 12, 13, 14, 15, 16, 17"
3176,1734603958852,1734603959751,899,null,"1, 3, 4, 5, 6, 7, 8, 9, 10, 11, 12, 13, 14, 15, 16, 17"
3177,1734603958855,1734603960164,1309,null,"1, 3, 4, 5, 6, 7, 8, 9, 10, 11, 12, 13, 14, 15, 16, 17"
3178,1734603958939,1734603959925,986,null,"1, 3, 4, 5, 6, 7, 8, 9, 10, 11, 12, 13, 14, 15, 16, 17"
3179,1734603958940,1734603959903,963,null,"1, 3, 4, 5, 6, 7, 8, 9, 10, 11, 12, 13, 14, 15, 16, 17"
3180,1734603958941,1734603960165,1224,null,"1, 3, 4, 5, 6, 7, 8, 9, 10, 11, 12, 13, 14, 15, 16, 17"
3181,1734603959025,1734603960164,1139,null,"1, 3, 4, 5, 6, 7, 8, 9, 10, 11, 12, 13, 14, 15, 16, 17"
3182,1734603959026,1734603960472,1446,null,"1, 3, 4, 5, 6, 7, 8, 9, 10, 11, 12, 13, 14, 15, 16, 17"
3183,1734603959027,1734603960164,1137,null,"1, 3, 4, 5, 6, 7, 8, 9, 10, 11, 12, 13, 14, 15, 16, 17"
3184,1734603959113,1734603960164,1051,null,"1, 3, 4, 5, 6, 7, 8, 9, 10, 11, 12, 13, 14, 15, 16, 17"
3185,1734603959114,1734603959943,829,null,"1, 3, 4, 5, 6, 7, 8, 9, 10, 11, 12, 13, 14, 15, 16, 17"
3186,1734603959115,1734603960350,1235,null,"1, 3, 4, 5, 6, 7, 8, 9, 10, 11, 12, 13, 14, 15, 16, 17"
3187,1734603959187,1734603960157,970,null,"1, 3, 4, 5, 6, 7, 8, 9, 10, 11, 12, 13, 14, 15, 16, 17"
3188,1734603959193,1734603960295,1102,null,"1, 3, 4, 5, 6, 7, 8, 9, 10, 11, 12, 13, 14, 15, 16, 17"
3189,1734603959243,1734603960353,1110,null,"1, 3, 4, 5, 6, 7, 8, 9, 10, 11, 12, 13, 14, 15, 16, 17"
3190,1734603959244,1734603960164,920,null,"1, 3, 4, 5, 6, 7, 8, 9, 10, 11, 12, 13, 14, 15, 16, 17"
3191,1734603959245,1734603960472,1227,null,"1, 3, 4, 5, 6, 7, 8, 9, 10, 11, 12, 13, 14, 15, 16, 17"
3192,1734603959374,1734603960471,1097,null,"1, 3, 4, 5, 6, 7, 8, 9, 10, 11, 12, 13, 14, 15, 16, 17"
3193,1734603959375,1734603960614,1239,null,"1, 3, 4, 5, 6, 7, 8, 9, 10, 11, 12, 13, 14, 15, 16, 17"
3194,1734603959376,1734603960530,1154,null,"1, 3, 4, 5, 6, 7, 8, 9, 10, 11, 12, 13, 14, 15, 16, 17"
3195,1734603959434,1734603960473,1039,null,"1, 3, 4, 5, 6, 7, 8, 9, 10, 11, 12, 13, 14, 15, 16, 17"
3196,1734603959435,1734603960353,918,null,"1, 3, 4, 5, 6, 7, 8, 9, 10, 11, 12, 13, 14, 15, 16, 17"
3197,1734603959436,1734603960550,1114,null,"1, 3, 4, 5, 6, 7, 8, 9, 10, 11, 12, 13, 14, 15, 16, 17"
3198,1734603959523,1734603960508,985,null,"1, 3, 4, 5, 6, 7, 8, 9, 10, 11, 12, 13, 14, 15, 16, 17"
3199,1734603959525,1734603960472,947,null,"1, 3, 4, 5, 6, 7, 8, 9, 10, 11, 12, 13, 14, 15, 16, 17"
3200,1734603959595,1734603960472,877,null,"1, 3, 4, 5, 6, 7, 8, 9, 10, 11, 12, 13, 14, 15, 16, 17"
3201,1734603959596,1734603960472,876,null,"1, 3, 4, 5, 6, 7, 8, 9, 10, 11, 12, 13, 14, 15, 16, 17"
3202,1734603959597,1734603960472,875,null,"1, 3, 4, 5, 6, 7, 8, 9, 10, 11, 12, 13, 14, 15, 16, 17"
3203,1734603959719,1734603960988,1269,null,"1, 3, 4, 5, 6, 7, 8, 9, 10, 11, 12, 13, 14, 15, 16, 17"
3204,1734603959720,1734603960629,909,null,"1, 3, 4, 5, 6, 7, 8, 9, 10, 11, 12, 13, 14, 15, 16, 17"
3205,1734603959722,1734603960668,946,null,"1, 3, 4, 5, 6, 7, 8, 9, 10, 11, 12, 13, 14, 15, 16, 17"
3206,1734603959725,1734603960802,1077,null,"1, 3, 4, 5, 6, 7, 8, 9, 10, 11, 12, 13, 14, 15, 16, 17"
3207,1734603959727,1734603960504,777,null,"1, 3, 4, 5, 6, 7, 8, 9, 10, 11, 12, 13, 14, 15, 16, 17"
3208,1734603959728,1734603960837,1109,null,"1, 3, 4, 5, 6, 7, 8, 9, 10, 11, 12, 13, 14, 15, 16, 17"
3209,1734603959813,1734603960510,697,null,"1, 3, 4, 5, 6, 7, 8, 9, 10, 11, 12, 13, 14, 15, 16, 17"
3210,1734603959815,1734603960988,1173,null,"1, 3, 4, 5, 6, 7, 8, 9, 10, 11, 12, 13, 14, 15, 16, 17"
3211,1734603959816,1734603961030,1214,null,"1, 3, 4, 5, 6, 7, 8, 9, 10, 11, 12, 13, 14, 15, 16, 17"
3212,1734603959895,1734603960993,1098,null,"1, 3, 4, 5, 6, 7, 8, 9, 10, 11, 12, 13, 14, 15, 16, 17"
3213,1734603959897,1734603961000,1103,null,"1, 3, 4, 5, 6, 7, 8, 9, 10, 11, 12, 13, 14, 15, 16, 17"
3214,1734603959916,1734603961010,1094,null,"1, 3, 4, 5, 6, 7, 8, 9, 10, 11, 12, 13, 14, 15, 16, 17"
3215,1734603959938,1734603960988,1050,null,"1, 3, 4, 5, 6, 7, 8, 9, 10, 11, 12, 13, 14, 15, 16, 17"
3216,1734603959949,1734603961308,1359,null,"1, 3, 4, 5, 6, 7, 8, 9, 10, 11, 12, 13, 14, 15, 16, 17"
3217,1734603959950,1734603960879,929,null,"1, 3, 4, 5, 6, 7, 8, 9, 10, 11, 12, 13, 14, 15, 16, 17"
3218,1734603960025,1734603961311,1286,null,"1, 3, 4, 5, 6, 7, 8, 9, 10, 11, 12, 13, 14, 15, 16, 17"
3219,1734603960026,1734603961188,1162,null,"1, 3, 4, 5, 6, 7, 8, 9, 10, 11, 12, 13, 14, 15, 16, 17"
3220,1734603960074,1734603961014,940,null,"1, 3, 4, 5, 6, 7, 8, 9, 10, 11, 12, 13, 14, 15, 16, 17"
3221,1734603960075,1734603960674,599,null,"1, 3, 4, 5, 6, 7, 8, 9, 10, 11, 12, 13, 14, 15, 16, 17"
3222,1734603960077,1734603961188,1111,null,"1, 3, 4, 5, 6, 7, 8, 9, 10, 11, 12, 13, 14, 15, 16, 17"
3223,1734603960164,1734603961335,1171,null,"1, 3, 4, 5, 6, 7, 8, 9, 10, 11, 12, 13, 14, 15, 16, 17"
3224,1734603960173,1734603961335,1162,null,"1, 3, 4, 5, 6, 7, 8, 9, 10, 11, 12, 13, 14, 15, 16, 17"
3225,1734603960207,1734603961312,1105,null,"1, 3, 4, 5, 6, 7, 8, 9, 10, 11, 12, 13, 14, 15, 16, 17"
3226,1734603960209,1734603960988,779,null,"1, 3, 4, 5, 6, 7, 8, 9, 10, 11, 12, 13, 14, 15, 16, 17"
3227,1734603960254,1734603961504,1250,null,"1, 3, 4, 5, 6, 7, 8, 9, 10, 11, 12, 13, 14, 15, 16, 17"
3228,1734603960256,1734603961363,1107,null,"1, 3, 4, 5, 6, 7, 8, 9, 10, 11, 12, 13, 14, 15, 16, 17"
3229,1734603960257,1734603961330,1073,null,"1, 3, 4, 5, 6, 7, 8, 9, 10, 11, 12, 13, 14, 15, 16, 17"
3230,1734603960345,1734603961335,990,null,"1, 3, 4, 5, 6, 7, 8, 9, 10, 11, 12, 13, 14, 15, 16, 17"
3231,1734603960356,1734603961531,1175,null,"1, 3, 4, 5, 6, 7, 8, 9, 10, 11, 12, 13, 14, 15, 16, 17"
3232,1734603960393,1734603961565,1172,null,"1, 3, 4, 5, 6, 7, 8, 9, 10, 11, 12, 13, 14, 15, 16, 17"
3233,1734603960394,1734603961541,1147,null,"1, 3, 4, 5, 6, 7, 8, 9, 10, 11, 12, 13, 14, 15, 16, 17"
3234,1734603960395,1734603961504,1109,null,"1, 3, 4, 5, 6, 7, 8, 9, 10, 11, 12, 13, 14, 15, 16, 17"
3235,1734603960469,1734603961814,1345,null,"1, 3, 4, 5, 6, 7, 8, 9, 10, 11, 12, 13, 14, 15, 16, 17"
3236,1734603960520,1734603961748,1228,null,"1, 3, 4, 5, 6, 7, 8, 9, 10, 11, 12, 13, 14, 15, 16, 17"
3237,1734603960521,1734603961391,870,null,"1, 3, 4, 5, 6, 7, 8, 9, 10, 11, 12, 13, 14, 15, 16, 17"
3238,1734603960588,1734603961655,1067,null,"1, 3, 4, 5, 6, 7, 8, 9, 10, 11, 12, 13, 14, 15, 16, 17"
3239,1734603960589,1734603961813,1224,null,"1, 3, 4, 5, 6, 7, 8, 9, 10, 11, 12, 13, 14, 15, 16, 17"
3240,1734603960672,1734603961910,1238,null,"1, 3, 4, 5, 6, 7, 8, 9, 10, 11, 12, 13, 14, 15, 16, 17"
3241,1734603960733,1734603961814,1081,null,"1, 3, 4, 5, 6, 7, 8, 9, 10, 11, 12, 13, 14, 15, 16, 17"
3242,1734603960734,1734603961813,1079,null,"1, 3, 4, 5, 6, 7, 8, 9, 10, 11, 12, 13, 14, 15, 16, 17"
3243,1734603960735,1734603961748,1013,null,"1, 3, 4, 5, 6, 7, 8, 9, 10, 11, 12, 13, 14, 15, 16, 17"
3244,1734603960794,1734603962031,1237,null,"1, 3, 4, 5, 6, 7, 8, 9, 10, 11, 12, 13, 14, 15, 16, 17"
3245,1734603960796,1734603961504,708,null,"1, 3, 4, 5, 6, 7, 8, 9, 10, 11, 12, 13, 14, 15, 16, 17"
3246,1734603960797,1734603962071,1274,null,"1, 3, 4, 5, 6, 7, 8, 9, 10, 11, 12, 13, 14, 15, 16, 17"
3247,1734603960875,1734603961813,938,null,"1, 3, 4, 5, 6, 7, 8, 9, 10, 11, 12, 13, 14, 15, 16, 17"
3248,1734603960877,1734603961844,967,null,"1, 3, 4, 5, 6, 7, 8, 9, 10, 11, 12, 13, 14, 15, 16, 17"
3249,1734603960886,1734603961813,927,null,"1, 3, 4, 5, 6, 7, 8, 9, 10, 11, 12, 13, 14, 15, 16, 17"
3250,1734603960921,1734603962080,1159,null,"1, 3, 4, 5, 6, 7, 8, 9, 10, 11, 12, 13, 14, 15, 16, 17"
3251,1734603960922,1734603961813,891,null,"1, 3, 4, 5, 6, 7, 8, 9, 10, 11, 12, 13, 14, 15, 16, 17"
3252,1734603960923,1734603962226,1303,null,"1, 3, 4, 5, 6, 7, 8, 9, 10, 11, 12, 13, 14, 15, 16, 17"
3253,1734603960983,1734603961814,831,null,"1, 3, 4, 5, 6, 7, 8, 9, 10, 11, 12, 13, 14, 15, 16, 17"
3254,1734603960985,1734603962123,1138,null,"1, 3, 4, 5, 6, 7, 8, 9, 10, 11, 12, 13, 14, 15, 16, 17"
3255,1734603961045,1734603962226,1181,null,"1, 3, 4, 5, 6, 7, 8, 9, 10, 11, 12, 13, 14, 15, 16, 17"
3256,1734603961061,1734603962226,1165,null,"1, 3, 4, 5, 6, 7, 8, 9, 10, 11, 12, 13, 14, 15, 16, 17"
3257,1734603961062,1734603961930,868,null,"1, 3, 4, 5, 6, 7, 8, 9, 10, 11, 12, 13, 14, 15, 16, 17"
3258,1734603961063,1734603962071,1008,null,"1, 3, 4, 5, 6, 7, 8, 9, 10, 11, 12, 13, 14, 15, 16, 17"
3259,1734603961121,1734603962005,884,null,"1, 3, 4, 5, 6, 7, 8, 9, 10, 11, 12, 13, 14, 15, 16, 17"
3260,1734603961123,1734603962532,1409,null,"1, 3, 4, 5, 6, 7, 8, 9, 10, 11, 12, 13, 14, 15, 16, 17"
3261,1734603961124,1734603962017,893,null,"1, 3, 4, 5, 6, 7, 8, 9, 10, 11, 12, 13, 14, 15, 16, 17"
3262,1734603961192,1734603962274,1082,null,"1, 3, 4, 5, 6, 7, 8, 9, 10, 11, 12, 13, 14, 15, 16, 17"
3263,1734603961193,1734603962226,1033,null,"1, 3, 4, 5, 6, 7, 8, 9, 10, 11, 12, 13, 14, 15, 16, 17"
3264,1734603961254,1734603962226,972,null,"1, 3, 4, 5, 6, 7, 8, 9, 10, 11, 12, 13, 14, 15, 16, 17"
3265,1734603961255,1734603962351,1096,null,"1, 3, 4, 5, 6, 7, 8, 9, 10, 11, 12, 13, 14, 15, 16, 17"
3266,1734603961345,1734603962226,881,null,"1, 3, 4, 5, 6, 7, 8, 9, 10, 11, 12, 13, 14, 15, 16, 17"
3267,1734603961363,1734603962517,1154,null,"1, 3, 4, 5, 6, 7, 8, 9, 10, 11, 12, 13, 14, 15, 16, 17"
3268,1734603961364,1734603962643,1279,null,"1, 3, 4, 5, 6, 7, 8, 9, 10, 11, 12, 13, 14, 15, 16, 17"
3269,1734603961409,1734603962355,946,null,"1, 3, 4, 5, 6, 7, 8, 9, 10, 11, 12, 13, 14, 15, 16, 17"
3270,1734603961410,1734603962258,848,null,"1, 3, 4, 5, 6, 7, 8, 9, 10, 11, 12, 13, 14, 15, 16, 17"
3271,1734603961462,1734603962643,1181,null,"1, 3, 4, 5, 6, 7, 8, 9, 10, 11, 12, 13, 14, 15, 16, 17"
3272,1734603961463,1734603962672,1209,null,"1, 3, 4, 5, 6, 7, 8, 9, 10, 11, 12, 13, 14, 15, 16, 17"
3273,1734603961464,1734603962517,1053,null,"1, 3, 4, 5, 6, 7, 8, 9, 10, 11, 12, 13, 14, 15, 16, 17"
3274,1734603961529,1734603962541,1012,null,"1, 3, 4, 5, 6, 7, 8, 9, 10, 11, 12, 13, 14, 15, 16, 17"
3275,1734603961530,1734603962226,696,null,"1, 3, 4, 5, 6, 7, 8, 9, 10, 11, 12, 13, 14, 15, 16, 17"
3276,1734603961531,1734603962643,1112,null,"1, 3, 4, 5, 6, 7, 8, 9, 10, 11, 12, 13, 14, 15, 16, 17"
3277,1734603961601,1734603962532,931,null,"1, 3, 4, 5, 6, 7, 8, 9, 10, 11, 12, 13, 14, 15, 16, 17"
3278,1734603961605,1734603962643,1038,null,"1, 3, 4, 5, 6, 7, 8, 9, 10, 11, 12, 13, 14, 15, 16, 17"
3279,1734603961616,1734603962667,1051,null,"1, 3, 4, 5, 6, 7, 8, 9, 10, 11, 12, 13, 14, 15, 16, 17"
3280,1734603961715,1734603962887,1172,null,"1, 3, 4, 5, 6, 7, 8, 9, 10, 11, 12, 13, 14, 15, 16, 17"
3281,1734603961759,1734603962917,1158,null,"1, 3, 4, 5, 6, 7, 8, 9, 10, 11, 12, 13, 14, 15, 16, 17"
3282,1734603961760,1734603962758,998,null,"1, 3, 4, 5, 6, 7, 8, 9, 10, 11, 12, 13, 14, 15, 16, 17"
3283,1734603961762,1734603962887,1125,null,"1, 3, 4, 5, 6, 7, 8, 9, 10, 11, 12, 13, 14, 15, 16, 17"
3284,1734603961850,1734603962887,1037,null,"1, 3, 4, 5, 6, 7, 8, 9, 10, 11, 12, 13, 14, 15, 16, 17"
3285,1734603961851,1734603962856,1005,null,"1, 3, 4, 5, 6, 7, 8, 9, 10, 11, 12, 13, 14, 15, 16, 17"
3286,1734603961853,1734603962761,908,null,"1, 3, 4, 5, 6, 7, 8, 9, 10, 11, 12, 13, 14, 15, 16, 17"
3287,1734603961957,1734603963096,1139,null,"1, 3, 4, 5, 6, 7, 8, 9, 10, 11, 12, 13, 14, 15, 16, 17"
3288,1734603962021,1734603963381,1360,null,"1, 3, 4, 5, 6, 7, 8, 9, 10, 11, 12, 13, 14, 15, 16, 17"
3289,1734603962023,1734603962856,833,null,"1, 3, 4, 5, 6, 7, 8, 9, 10, 11, 12, 13, 14, 15, 16, 17"
3290,1734603962030,1734603963363,1333,null,"1, 3, 4, 5, 6, 7, 8, 9, 10, 11, 12, 13, 14, 15, 16, 17"
3291,1734603962097,1734603962856,759,null,"1, 3, 4, 5, 6, 7, 8, 9, 10, 11, 12, 13, 14, 15, 16, 17"
3292,1734603962103,1734603963123,1020,null,"1, 3, 4, 5, 6, 7, 8, 9, 10, 11, 12, 13, 14, 15, 16, 17"
3293,1734603962180,1734603963363,1183,null,"1, 3, 4, 5, 6, 7, 8, 9, 10, 11, 12, 13, 14, 15, 16, 17"
3294,1734603962182,1734603963363,1181,null,"1, 3, 4, 5, 6, 7, 8, 9, 10, 11, 12, 13, 14, 15, 16, 17"
3295,1734603962191,1734603963579,1388,null,"1, 3, 4, 5, 6, 7, 8, 9, 10, 11, 12, 13, 14, 15, 16, 17"
3296,1734603962192,1734603963099,907,null,"1, 3, 4, 5, 6, 7, 8, 9, 10, 11, 12, 13, 14, 15, 16, 17"
3297,1734603962193,1734603963096,903,null,"1, 3, 4, 5, 6, 7, 8, 9, 10, 11, 12, 13, 14, 15, 16, 17"
3298,1734603962238,1734603963270,1032,null,"1, 3, 4, 5, 6, 7, 8, 9, 10, 11, 12, 13, 14, 15, 16, 17"
3299,1734603962239,1734603963096,857,null,"1, 3, 4, 5, 6, 7, 8, 9, 10, 11, 12, 13, 14, 15, 16, 17"
3300,1734603962313,1734603963270,957,null,"1, 3, 4, 5, 6, 7, 8, 9, 10, 11, 12, 13, 14, 15, 16, 17"
3301,1734603962314,1734603963270,956,null,"1, 3, 4, 5, 6, 7, 8, 9, 10, 11, 12, 13, 14, 15, 16, 17"
3302,1734603962315,1734603963579,1264,null,"1, 3, 4, 5, 6, 7, 8, 9, 10, 11, 12, 13, 14, 15, 16, 17"
3303,1734603962410,1734603963407,997,null,"1, 3, 4, 5, 6, 7, 8, 9, 10, 11, 12, 13, 14, 15, 16, 17"
3304,1734603962412,1734603963270,858,null,"1, 3, 4, 5, 6, 7, 8, 9, 10, 11, 12, 13, 14, 15, 16, 17"
3305,1734603962486,1734603963502,1016,null,"1, 3, 4, 5, 6, 7, 8, 9, 10, 11, 12, 13, 14, 15, 16, 17"
3306,1734603962487,1734603963667,1180,null,"1, 3, 4, 5, 6, 7, 8, 9, 10, 11, 12, 13, 14, 15, 16, 17"
3307,1734603962488,1734603963648,1160,null,"1, 3, 4, 5, 6, 7, 8, 9, 10, 11, 12, 13, 14, 15, 16, 17"
3308,1734603962542,1734603963648,1106,null,"1, 3, 4, 5, 6, 7, 8, 9, 10, 11, 12, 13, 14, 15, 16, 17"
3309,1734603962549,1734603963977,1428,null,"1, 3, 4, 5, 6, 7, 8, 9, 10, 11, 12, 13, 14, 15, 16, 17"
3310,1734603962606,1734603963881,1275,null,"1, 3, 4, 5, 6, 7, 8, 9, 10, 11, 12, 13, 14, 15, 16, 17"
3311,1734603962607,1734603963579,972,null,"1, 3, 4, 5, 6, 7, 8, 9, 10, 11, 12, 13, 14, 15, 16, 17"
3312,1734603962608,1734603963881,1273,null,"1, 3, 4, 5, 6, 7, 8, 9, 10, 11, 12, 13, 14, 15, 16, 17"
3313,1734603962665,1734603963648,983,null,"1, 3, 4, 5, 6, 7, 8, 9, 10, 11, 12, 13, 14, 15, 16, 17"
3314,1734603962670,1734603963683,1013,null,"1, 3, 4, 5, 6, 7, 8, 9, 10, 11, 12, 13, 14, 15, 16, 17"
3315,1734603962671,1734603963649,978,null,"1, 3, 4, 5, 6, 7, 8, 9, 10, 11, 12, 13, 14, 15, 16, 17"
3316,1734603962753,1734603963881,1128,null,"1, 3, 4, 5, 6, 7, 8, 9, 10, 11, 12, 13, 14, 15, 16, 17"
3317,1734603962754,1734603963649,895,null,"1, 3, 4, 5, 6, 7, 8, 9, 10, 11, 12, 13, 14, 15, 16, 17"
3318,1734603962755,1734603963648,893,null,"1, 3, 4, 5, 6, 7, 8, 9, 10, 11, 12, 13, 14, 15, 16, 17"
3319,1734603962828,1734603963977,1149,null,"1, 3, 4, 5, 6, 7, 8, 9, 10, 11, 12, 13, 14, 15, 16, 17"
3320,1734603962830,1734603964094,1264,null,"1, 3, 4, 5, 6, 7, 8, 9, 10, 11, 12, 13, 14, 15, 16, 17"
3321,1734603962831,1734603964105,1274,null,"1, 3, 4, 5, 6, 7, 8, 9, 10, 11, 12, 13, 14, 15, 16, 17"
3322,1734603962914,1734603964105,1191,null,"1, 3, 4, 5, 6, 7, 8, 9, 10, 11, 12, 13, 14, 15, 16, 17"
3323,1734603962916,1734603963676,760,null,"1, 3, 4, 5, 6, 7, 8, 9, 10, 11, 12, 13, 14, 15, 16, 17"
3324,1734603962917,1734603963881,964,null,"1, 3, 4, 5, 6, 7, 8, 9, 10, 11, 12, 13, 14, 15, 16, 17"
3325,1734603962978,1734603963850,872,null,"1, 3, 4, 5, 6, 7, 8, 9, 10, 11, 12, 13, 14, 15, 16, 17"
3326,1734603962980,1734603964106,1126,null,"1, 3, 4, 5, 6, 7, 8, 9, 10, 11, 12, 13, 14, 15, 16, 17"
3327,1734603963041,1734603964101,1060,null,"1, 3, 4, 5, 6, 7, 8, 9, 10, 11, 12, 13, 14, 15, 16, 17"
3328,1734603963045,1734603964106,1061,null,"1, 3, 4, 5, 6, 7, 8, 9, 10, 11, 12, 13, 14, 15, 16, 17"
3329,1734603963047,1734603964484,1437,null,"1, 3, 4, 5, 6, 7, 8, 9, 10, 11, 12, 13, 14, 15, 16, 17"
3330,1734603963056,1734603964106,1050,null,"1, 3, 4, 5, 6, 7, 8, 9, 10, 11, 12, 13, 14, 15, 16, 17"
3331,1734603963089,1734603964351,1262,null,"1, 3, 4, 5, 6, 7, 8, 9, 10, 11, 12, 13, 14, 15, 16, 17"
3332,1734603963090,1734603963881,791,null,"1, 3, 4, 5, 6, 7, 8, 9, 10, 11, 12, 13, 14, 15, 16, 17"
3333,1734603963158,1734603964028,870,null,"1, 3, 4, 5, 6, 7, 8, 9, 10, 11, 12, 13, 14, 15, 16, 17"
3334,1734603963159,1734603964280,1121,null,"1, 3, 4, 5, 6, 7, 8, 9, 10, 11, 12, 13, 14, 15, 16, 17"
3335,1734603963160,1734603964101,941,null,"1, 3, 4, 5, 6, 7, 8, 9, 10, 11, 12, 13, 14, 15, 16, 17"
3336,1734603963241,1734603964280,1039,null,"1, 3, 4, 5, 6, 7, 8, 9, 10, 11, 12, 13, 14, 15, 16, 17"
3337,1734603963293,1734603964280,987,null,"1, 3, 4, 5, 6, 7, 8, 9, 10, 11, 12, 13, 14, 15, 16, 17"
3338,1734603963294,1734603964768,1474,null,"1, 3, 4, 5, 6, 7, 8, 9, 10, 11, 12, 13, 14, 15, 16, 17"
3339,1734603963341,1734603964462,1121,null,"1, 3, 4, 5, 6, 7, 8, 9, 10, 11, 12, 13, 14, 15, 16, 17"
3340,1734603963343,1734603964288,945,null,"1, 3, 4, 5, 6, 7, 8, 9, 10, 11, 12, 13, 14, 15, 16, 17"
3341,1734603963344,1734603964280,936,null,"1, 3, 4, 5, 6, 7, 8, 9, 10, 11, 12, 13, 14, 15, 16, 17"
3342,1734603963427,1734603964433,1006,null,"1, 3, 4, 5, 6, 7, 8, 9, 10, 11, 12, 13, 14, 15, 16, 17"
3343,1734603963428,1734603964105,677,null,"1, 3, 4, 5, 6, 7, 8, 9, 10, 11, 12, 13, 14, 15, 16, 17"
3344,1734603963430,1734603964357,927,null,"1, 3, 4, 5, 6, 7, 8, 9, 10, 11, 12, 13, 14, 15, 16, 17"
3345,1734603963476,1734603964558,1082,null,"1, 3, 4, 5, 6, 7, 8, 9, 10, 11, 12, 13, 14, 15, 16, 17"
3346,1734603963549,1734603964152,603,null,"1, 3, 4, 5, 6, 7, 8, 9, 10, 11, 12, 13, 14, 15, 16, 17"
3347,1734603963551,1734603964558,1007,null,"1, 3, 4, 5, 6, 7, 8, 9, 10, 11, 12, 13, 14, 15, 16, 17"
3348,1734603963568,1734603964634,1066,null,"1, 3, 4, 5, 6, 7, 8, 9, 10, 11, 12, 13, 14, 15, 16, 17"
3349,1734603963624,1734603964433,809,null,"1, 3, 4, 5, 6, 7, 8, 9, 10, 11, 12, 13, 14, 15, 16, 17"
3350,1734603963630,1734603964761,1131,null,"1, 3, 4, 5, 6, 7, 8, 9, 10, 11, 12, 13, 14, 15, 16, 17"
3351,1734603963711,1734603964558,847,null,"1, 3, 4, 5, 6, 7, 8, 9, 10, 11, 12, 13, 14, 15, 16, 17"
3352,1734603963713,1734603964712,999,null,"1, 3, 4, 5, 6, 7, 8, 9, 10, 11, 12, 13, 14, 15, 16, 17"
3353,1734603963864,1734603964584,720,null,"1, 3, 4, 5, 6, 7, 8, 9, 10, 11, 12, 13, 14, 15, 16, 17"
3354,1734603963866,1734603964667,801,null,"1, 3, 4, 5, 6, 7, 8, 9, 10, 11, 12, 13, 14, 15, 16, 17"
3355,1734603963876,1734603964787,911,null,"1, 3, 4, 5, 6, 7, 8, 9, 10, 11, 12, 13, 14, 15, 16, 17"
3356,1734603963904,1734603964833,929,null,"1, 3, 4, 5, 6, 7, 8, 9, 10, 11, 12, 13, 14, 15, 16, 17"
3357,1734603963913,1734603964812,899,null,"1, 3, 4, 5, 6, 7, 8, 9, 10, 11, 12, 13, 14, 15, 16, 17"
3358,1734603963965,1734603964910,945,null,"1, 3, 4, 5, 6, 7, 8, 9, 10, 11, 12, 13, 14, 15, 16, 17"
3359,1734603964036,1734603965128,1092,null,"1, 3, 4, 5, 6, 7, 8, 9, 10, 11, 12, 13, 14, 15, 16, 17"
3360,1734603964044,1734603964985,941,null,"1, 3, 4, 5, 6, 7, 8, 9, 10, 11, 12, 13, 14, 15, 16, 17"
3361,1734603964083,1734603964985,902,null,"1, 3, 4, 5, 6, 7, 8, 9, 10, 11, 12, 13, 14, 15, 16, 17"
3362,1734603964085,1734603964986,901,null,"1, 3, 4, 5, 6, 7, 8, 9, 10, 11, 12, 13, 14, 15, 16, 17"
3363,1734603964097,1734603964985,888,null,"1, 3, 4, 5, 6, 7, 8, 9, 10, 11, 12, 13, 14, 15, 16, 17"
3364,1734603964099,1734603964950,851,null,"1, 3, 4, 5, 6, 7, 8, 9, 10, 11, 12, 13, 14, 15, 16, 17"
3365,1734603964173,1734603964985,812,null,"1, 3, 4, 5, 6, 7, 8, 9, 10, 11, 12, 13, 14, 15, 16, 17"
3366,1734603964175,1734603965140,965,null,"1, 3, 4, 5, 6, 7, 8, 9, 10, 11, 12, 13, 14, 15, 16, 17"
3367,1734603964305,1734603964986,681,null,"1, 3, 4, 5, 6, 7, 8, 9, 10, 11, 12, 13, 14, 15, 16, 17"
3368,1734603964367,1734603965255,888,null,"1, 3, 4, 5, 6, 7, 8, 9, 10, 11, 12, 13, 14, 15, 16, 17"
3369,1734603964369,1734603964993,624,null,"1, 3, 4, 5, 6, 7, 8, 9, 10, 11, 12, 13, 14, 15, 16, 17"
3370,1734603964473,1734603965255,782,null,"1, 3, 4, 5, 6, 7, 8, 9, 10, 11, 12, 13, 14, 15, 16, 17"
3371,1734603964529,1734603965546,1017,null,"1, 3, 4, 5, 6, 7, 8, 9, 10, 11, 12, 13, 14, 15, 16, 17"
3372,1734603964578,1734603965411,833,null,"1, 3, 4, 5, 6, 7, 8, 9, 10, 11, 12, 13, 14, 15, 16, 17"
3373,1734603964583,1734603965255,672,null,"1, 3, 4, 5, 6, 7, 8, 9, 10, 11, 12, 13, 14, 15, 16, 17"
3374,1734603964658,1734603965654,996,null,"1, 3, 4, 5, 6, 7, 8, 9, 10, 11, 12, 13, 14, 15, 16, 17"
3375,1734603964660,1734603965331,671,null,"1, 3, 4, 5, 6, 7, 8, 9, 10, 11, 12, 13, 14, 15, 16, 17"
3376,1734603964662,1734603965370,708,null,"1, 3, 4, 5, 6, 7, 8, 9, 10, 11, 12, 13, 14, 15, 16, 17"
3377,1734603964664,1734603965291,627,null,"1, 3, 4, 5, 6, 7, 8, 9, 10, 11, 12, 13, 14, 15, 16, 17"
3378,1734603964666,1734603965813,1147,null,"1, 3, 4, 5, 6, 7, 8, 9, 10, 11, 12, 13, 14, 15, 16, 17"
3379,1734603964668,1734603965654,986,null,"1, 3, 4, 5, 6, 7, 8, 9, 10, 11, 12, 13, 14, 15, 16, 17"
3380,1734603964686,1734603965690,1004,null,"1, 3, 4, 5, 6, 7, 8, 9, 10, 11, 12, 13, 14, 15, 16, 17"
3381,1734603964689,1734603965546,857,null,"1, 3, 4, 5, 6, 7, 8, 9, 10, 11, 12, 13, 14, 15, 16, 17"
3382,1734603964753,1734603965546,793,null,"1, 3, 4, 5, 6, 7, 8, 9, 10, 11, 12, 13, 14, 15, 16, 17"
3383,1734603964755,1734603965654,899,null,"1, 3, 4, 5, 6, 7, 8, 9, 10, 11, 12, 13, 14, 15, 16, 17"
3384,1734603964809,1734603965813,1004,null,"1, 3, 4, 5, 6, 7, 8, 9, 10, 11, 12, 13, 14, 15, 16, 17"
3385,1734603964817,1734603965945,1128,null,"1, 3, 4, 5, 6, 7, 8, 9, 10, 11, 12, 13, 14, 15, 16, 17"
3386,1734603964831,1734603965255,424,null,"1, 3, 4, 5, 6, 7, 8, 9, 10, 11, 12, 13, 14, 15, 16, 17"
3387,1734603964833,1734603965546,713,null,"1, 3, 4, 5, 6, 7, 8, 9, 10, 11, 12, 13, 14, 15, 16, 17"
3388,1734603964876,1734603965690,814,null,"1, 3, 4, 5, 6, 7, 8, 9, 10, 11, 12, 13, 14, 15, 16, 17"
3389,1734603964878,1734603965812,934,null,"1, 3, 4, 5, 6, 7, 8, 9, 10, 11, 12, 13, 14, 15, 16, 17"
3390,1734603964985,1734603965889,904,null,"1, 3, 4, 5, 6, 7, 8, 9, 10, 11, 12, 13, 14, 15, 16, 17"
3391,1734603964987,1734603965812,825,null,"1, 3, 4, 5, 6, 7, 8, 9, 10, 11, 12, 13, 14, 15, 16, 17"
3392,1734603965023,1734603965812,789,null,"1, 3, 4, 5, 6, 7, 8, 9, 10, 11, 12, 13, 14, 15, 16, 17"
3393,1734603965058,1734603965812,754,null,"1, 3, 4, 5, 6, 7, 8, 9, 10, 11, 12, 13, 14, 15, 16, 17"
3394,1734603965059,1734603965813,754,null,"1, 3, 4, 5, 6, 7, 8, 9, 10, 11, 12, 13, 14, 15, 16, 17"
3395,1734603965132,1734603966065,933,null,"1, 3, 4, 5, 6, 7, 8, 9, 10, 11, 12, 13, 14, 15, 16, 17"
3396,1734603965134,1734603966038,904,null,"1, 3, 4, 5, 6, 7, 8, 9, 10, 11, 12, 13, 14, 15, 16, 17"
3397,1734603965171,1734603966018,847,null,"1, 3, 4, 5, 6, 7, 8, 9, 10, 11, 12, 13, 14, 15, 16, 17"
3398,1734603965185,1734603966018,833,null,"1, 3, 4, 5, 6, 7, 8, 9, 10, 11, 12, 13, 14, 15, 16, 17"
3399,1734603965235,1734603966023,788,null,"1, 3, 4, 5, 6, 7, 8, 9, 10, 11, 12, 13, 14, 15, 16, 17"
3400,1734603965237,1734603966159,922,null,"1, 3, 4, 5, 6, 7, 8, 9, 10, 11, 12, 13, 14, 15, 16, 17"
3401,1734603965238,1734603966260,1022,null,"1, 3, 4, 5, 6, 7, 8, 9, 10, 11, 12, 13, 14, 15, 16, 17"
3402,1734603965298,1734603966159,861,null,"1, 3, 4, 5, 6, 7, 8, 9, 10, 11, 12, 13, 14, 15, 16, 17"
3403,1734603965300,1734603966356,1056,null,"1, 3, 4, 5, 6, 7, 8, 9, 10, 11, 12, 13, 14, 15, 16, 17"
3404,1734603965351,1734603966478,1127,null,"1, 3, 4, 5, 6, 7, 8, 9, 10, 11, 12, 13, 14, 15, 16, 17"
3405,1734603965352,1734603966271,919,null,"1, 3, 4, 5, 6, 7, 8, 9, 10, 11, 12, 13, 14, 15, 16, 17"
3406,1734603965353,1734603966191,838,null,"1, 3, 4, 5, 6, 7, 8, 9, 10, 11, 12, 13, 14, 15, 16, 17"
3407,1734603965391,1734603966326,935,null,"1, 3, 4, 5, 6, 7, 8, 9, 10, 11, 12, 13, 14, 15, 16, 17"
3408,1734603965392,1734603966355,963,null,"1, 3, 4, 5, 6, 7, 8, 9, 10, 11, 12, 13, 14, 15, 16, 17"
3409,1734603965393,1734603966478,1085,null,"1, 3, 4, 5, 6, 7, 8, 9, 10, 11, 12, 13, 14, 15, 16, 17"
3410,1734603965434,1734603966173,739,null,"1, 3, 4, 5, 6, 7, 8, 9, 10, 11, 12, 13, 14, 15, 16, 17"
3411,1734603965435,1734603966486,1051,null,"1, 3, 4, 5, 6, 7, 8, 9, 10, 11, 12, 13, 14, 15, 16, 17"
3412,1734603965436,1734603966479,1043,null,"1, 3, 4, 5, 6, 7, 8, 9, 10, 11, 12, 13, 14, 15, 16, 17"
3413,1734603965489,1734603966478,989,null,"1, 3, 4, 5, 6, 7, 8, 9, 10, 11, 12, 13, 14, 15, 16, 17"
3414,1734603965493,1734603966715,1222,null,"1, 3, 4, 5, 6, 7, 8, 9, 10, 11, 12, 13, 14, 15, 16, 17"
3415,1734603965537,1734603966479,942,null,"1, 3, 4, 5, 6, 7, 8, 9, 10, 11, 12, 13, 14, 15, 16, 17"
3416,1734603965539,1734603966478,939,null,"1, 3, 4, 5, 6, 7, 8, 9, 10, 11, 12, 13, 14, 15, 16, 17"
3417,1734603965540,1734603966271,731,null,"1, 3, 4, 5, 6, 7, 8, 9, 10, 11, 12, 13, 14, 15, 16, 17"
3418,1734603965596,1734603966521,925,null,"1, 3, 4, 5, 6, 7, 8, 9, 10, 11, 12, 13, 14, 15, 16, 17"
3419,1734603965597,1734603966380,783,null,"1, 3, 4, 5, 6, 7, 8, 9, 10, 11, 12, 13, 14, 15, 16, 17"
3420,1734603965599,1734603966479,880,null,"1, 3, 4, 5, 6, 7, 8, 9, 10, 11, 12, 13, 14, 15, 16, 17"
3421,1734603965683,1734603966478,795,null,"1, 3, 4, 5, 6, 7, 8, 9, 10, 11, 12, 13, 14, 15, 16, 17"
3422,1734603965685,1734603966479,794,null,"1, 3, 4, 5, 6, 7, 8, 9, 10, 11, 12, 13, 14, 15, 16, 17"
3423,1734603965730,1734603966479,749,null,"1, 3, 4, 5, 6, 7, 8, 9, 10, 11, 12, 13, 14, 15, 16, 17"
3424,1734603965775,1734603966857,1082,null,"1, 3, 4, 5, 6, 7, 8, 9, 10, 11, 12, 13, 14, 15, 16, 17"
3425,1734603965777,1734603966857,1080,null,"1, 3, 4, 5, 6, 7, 8, 9, 10, 11, 12, 13, 14, 15, 16, 17"
3426,1734603965778,1734603966735,957,null,"1, 3, 4, 5, 6, 7, 8, 9, 10, 11, 12, 13, 14, 15, 16, 17"
3427,1734603965864,1734603967005,1141,null,"1, 3, 4, 5, 6, 7, 8, 9, 10, 11, 12, 13, 14, 15, 16, 17"
3428,1734603965940,1734603966955,1015,null,"1, 3, 4, 5, 6, 7, 8, 9, 10, 11, 12, 13, 14, 15, 16, 17"
3429,1734603965941,1734603967004,1063,null,"1, 3, 4, 5, 6, 7, 8, 9, 10, 11, 12, 13, 14, 15, 16, 17"
3430,1734603965986,1734603967037,1051,null,"1, 3, 4, 5, 6, 7, 8, 9, 10, 11, 12, 13, 14, 15, 16, 17"
3431,1734603965988,1734603966860,872,null,"1, 3, 4, 5, 6, 7, 8, 9, 10, 11, 12, 13, 14, 15, 16, 17"
3432,1734603966024,1734603966941,917,null,"1, 3, 4, 5, 6, 7, 8, 9, 10, 11, 12, 13, 14, 15, 16, 17"
3433,1734603966025,1734603967169,1144,null,"1, 3, 4, 5, 6, 7, 8, 9, 10, 11, 12, 13, 14, 15, 16, 17"
3434,1734603966026,1734603966871,845,null,"1, 3, 4, 5, 6, 7, 8, 9, 10, 11, 12, 13, 14, 15, 16, 17"
3435,1734603966082,1734603967114,1032,null,"1, 3, 4, 5, 6, 7, 8, 9, 10, 11, 12, 13, 14, 15, 16, 17"
3436,1734603966092,1734603967317,1225,null,"1, 3, 4, 5, 6, 7, 8, 9, 10, 11, 12, 13, 14, 15, 16, 17"
3437,1734603966148,1734603967451,1303,null,"1, 3, 4, 5, 6, 7, 8, 9, 10, 11, 12, 13, 14, 15, 16, 17"
3438,1734603966149,1734603967004,855,null,"1, 3, 4, 5, 6, 7, 8, 9, 10, 11, 12, 13, 14, 15, 16, 17"
3439,1734603966204,1734603967683,1479,null,"1, 3, 4, 5, 6, 7, 8, 9, 10, 11, 12, 13, 14, 15, 16, 17"
3440,1734603966263,1734603967317,1054,null,"1, 3, 4, 5, 6, 7, 8, 9, 10, 11, 12, 13, 14, 15, 16, 17"
3441,1734603966264,1734603967221,957,null,"1, 3, 4, 5, 6, 7, 8, 9, 10, 11, 12, 13, 14, 15, 16, 17"
3442,1734603966311,1734603967209,898,null,"1, 3, 4, 5, 6, 7, 8, 9, 10, 11, 12, 13, 14, 15, 16, 17"
3443,1734603966312,1734603967209,897,null,"1, 3, 4, 5, 6, 7, 8, 9, 10, 11, 12, 13, 14, 15, 16, 17"
3444,1734603966313,1734603967482,1169,null,"1, 3, 4, 5, 6, 7, 8, 9, 10, 11, 12, 13, 14, 15, 16, 17"
3445,1734603966356,1734603967497,1141,null,"1, 3, 4, 5, 6, 7, 8, 9, 10, 11, 12, 13, 14, 15, 16, 17"
3446,1734603966392,1734603967367,975,null,"1, 3, 4, 5, 6, 7, 8, 9, 10, 11, 12, 13, 14, 15, 16, 17"
3447,1734603966394,1734603967114,720,null,"1, 3, 4, 5, 6, 7, 8, 9, 10, 11, 12, 13, 14, 15, 16, 17"
3448,1734603966446,1734603967164,718,null,"1, 3, 4, 5, 6, 7, 8, 9, 10, 11, 12, 13, 14, 15, 16, 17"
3449,1734603966451,1734603967620,1169,null,"1, 3, 4, 5, 6, 7, 8, 9, 10, 11, 12, 13, 14, 15, 16, 17"
3450,1734603966452,1734603967619,1167,null,"1, 3, 4, 5, 6, 7, 8, 9, 10, 11, 12, 13, 14, 15, 16, 17"
3451,1734603966518,1734603967856,1338,null,"1, 3, 4, 5, 6, 7, 8, 9, 10, 11, 12, 13, 14, 15, 16, 17"
3452,1734603966519,1734603967687,1168,null,"1, 3, 4, 5, 6, 7, 8, 9, 10, 11, 12, 13, 14, 15, 16, 17"
3453,1734603966520,1734603967392,872,null,"1, 3, 4, 5, 6, 7, 8, 9, 10, 11, 12, 13, 14, 15, 16, 17"
3454,1734603966615,1734603967691,1076,null,"1, 3, 4, 5, 6, 7, 8, 9, 10, 11, 12, 13, 14, 15, 16, 17"
3455,1734603966712,1734603967856,1144,null,"1, 3, 4, 5, 6, 7, 8, 9, 10, 11, 12, 13, 14, 15, 16, 17"
3456,1734603966713,1734603967691,978,null,"1, 3, 4, 5, 6, 7, 8, 9, 10, 11, 12, 13, 14, 15, 16, 17"
3457,1734603966714,1734603967856,1142,null,"1, 3, 4, 5, 6, 7, 8, 9, 10, 11, 12, 13, 14, 15, 16, 17"
3458,1734603966751,1734603967993,1242,null,"1, 3, 4, 5, 6, 7, 8, 9, 10, 11, 12, 13, 14, 15, 16, 17"
3459,1734603966752,1734603967691,939,null,"1, 3, 4, 5, 6, 7, 8, 9, 10, 11, 12, 13, 14, 15, 16, 17"
3460,1734603966785,1734603967856,1071,null,"1, 3, 4, 5, 6, 7, 8, 9, 10, 11, 12, 13, 14, 15, 16, 17"
3461,1734603966787,1734603967856,1069,null,"1, 3, 4, 5, 6, 7, 8, 9, 10, 11, 12, 13, 14, 15, 16, 17"
3462,1734603966788,1734603967856,1068,null,"1, 3, 4, 5, 6, 7, 8, 9, 10, 11, 12, 13, 14, 15, 16, 17"
3463,1734603966834,1734603967981,1147,null,"1, 3, 4, 5, 6, 7, 8, 9, 10, 11, 12, 13, 14, 15, 16, 17"
3464,1734603966836,1734603967856,1020,null,"1, 3, 4, 5, 6, 7, 8, 9, 10, 11, 12, 13, 14, 15, 16, 17"
3465,1734603966909,1734603967863,954,null,"1, 3, 4, 5, 6, 7, 8, 9, 10, 11, 12, 13, 14, 15, 16, 17"
3466,1734603966910,1734603968140,1230,null,"1, 3, 4, 5, 6, 7, 8, 9, 10, 11, 12, 13, 14, 15, 16, 17"
3467,1734603966915,1734603968406,1491,null,"1, 3, 4, 5, 6, 7, 8, 9, 10, 11, 12, 13, 14, 15, 16, 17"
3468,1734603966959,1734603968247,1288,null,"1, 3, 4, 5, 6, 7, 8, 9, 10, 11, 12, 13, 14, 15, 16, 17"
3469,1734603966960,1734603968259,1299,null,"1, 3, 4, 5, 6, 7, 8, 9, 10, 11, 12, 13, 14, 15, 16, 17"
3470,1734603966962,1734603968406,1444,null,"1, 3, 4, 5, 6, 7, 8, 9, 10, 11, 12, 13, 14, 15, 16, 17"
3471,1734603967019,1734603968023,1004,null,"1, 3, 4, 5, 6, 7, 8, 9, 10, 11, 12, 13, 14, 15, 16, 17"
3472,1734603967031,1734603968102,1071,null,"1, 3, 4, 5, 6, 7, 8, 9, 10, 11, 12, 13, 14, 15, 16, 17"
3473,1734603967079,1734603968338,1259,null,"1, 3, 4, 5, 6, 7, 8, 9, 10, 11, 12, 13, 14, 15, 16, 17"
3474,1734603967081,1734603968244,1163,null,"1, 3, 4, 5, 6, 7, 8, 9, 10, 11, 12, 13, 14, 15, 16, 17"
3475,1734603967082,1734603968149,1067,null,"1, 3, 4, 5, 6, 7, 8, 9, 10, 11, 12, 13, 14, 15, 16, 17"
3476,1734603967157,1734603968166,1009,null,"1, 3, 4, 5, 6, 7, 8, 9, 10, 11, 12, 13, 14, 15, 16, 17"
3477,1734603967158,1734603968177,1019,null,"1, 3, 4, 5, 6, 7, 8, 9, 10, 11, 12, 13, 14, 15, 16, 17"
3478,1734603967160,1734603968709,1549,null,"1, 3, 4, 5, 6, 7, 8, 9, 10, 11, 12, 13, 14, 15, 16, 17"
3479,1734603967220,1734603968338,1118,null,"1, 3, 4, 5, 6, 7, 8, 9, 10, 11, 12, 13, 14, 15, 16, 17"
3480,1734603967234,1734603968706,1472,null,"1, 3, 4, 5, 6, 7, 8, 9, 10, 11, 12, 13, 14, 15, 16, 17"
3481,1734603967235,1734603967856,621,null,"1, 3, 4, 5, 6, 7, 8, 9, 10, 11, 12, 13, 14, 15, 16, 17"
3482,1734603967301,1734603968728,1427,null,"1, 3, 4, 5, 6, 7, 8, 9, 10, 11, 12, 13, 14, 15, 16, 17"
3483,1734603967303,1734603968849,1546,null,"1, 3, 4, 5, 6, 7, 8, 9, 10, 11, 12, 13, 14, 15, 16, 17"
3484,1734603967304,1734603968617,1313,null,"1, 3, 4, 5, 6, 7, 8, 9, 10, 11, 12, 13, 14, 15, 16, 17"
3485,1734603967305,1734603968406,1101,null,"1, 3, 4, 5, 6, 7, 8, 9, 10, 11, 12, 13, 14, 15, 16, 17"
3486,1734603967307,1734603968151,844,null,"1, 3, 4, 5, 6, 7, 8, 9, 10, 11, 12, 13, 14, 15, 16, 17"
3487,1734603967308,1734603968407,1099,null,"1, 3, 4, 5, 6, 7, 8, 9, 10, 11, 12, 13, 14, 15, 16, 17"
3488,1734603967309,1734603968406,1097,null,"1, 3, 4, 5, 6, 7, 8, 9, 10, 11, 12, 13, 14, 15, 16, 17"
3489,1734603967310,1734603968614,1304,null,"1, 3, 4, 5, 6, 7, 8, 9, 10, 11, 12, 13, 14, 15, 16, 17"
3490,1734603967312,1734603968161,849,null,"1, 3, 4, 5, 6, 7, 8, 9, 10, 11, 12, 13, 14, 15, 16, 17"
3491,1734603967388,1734603968920,1532,null,"1, 3, 4, 5, 6, 7, 8, 9, 10, 11, 12, 13, 14, 15, 16, 17"
3492,1734603967390,1734603968614,1224,null,"1, 3, 4, 5, 6, 7, 8, 9, 10, 11, 12, 13, 14, 15, 16, 17"
3493,1734603967391,1734603968614,1223,null,"1, 3, 4, 5, 6, 7, 8, 9, 10, 11, 12, 13, 14, 15, 16, 17"
3494,1734603967473,1734603968244,771,null,"1, 3, 4, 5, 6, 7, 8, 9, 10, 11, 12, 13, 14, 15, 16, 17"
3495,1734603967526,1734603968784,1258,null,"1, 3, 4, 5, 6, 7, 8, 9, 10, 11, 12, 13, 14, 15, 16, 17"
3496,1734603967532,1734603968726,1194,null,"1, 3, 4, 5, 6, 7, 8, 9, 10, 11, 12, 13, 14, 15, 16, 17"
3497,1734603967533,1734603968507,974,null,"1, 3, 4, 5, 6, 7, 8, 9, 10, 11, 12, 13, 14, 15, 16, 17"
3498,1734603967581,1734603968453,872,null,"1, 3, 4, 5, 6, 7, 8, 9, 10, 11, 12, 13, 14, 15, 16, 17"
3499,1734603967653,1734603968963,1310,null,"1, 3, 4, 5, 6, 7, 8, 9, 10, 11, 12, 13, 14, 15, 16, 17"
3500,1734603967667,1734603969080,1413,null,"1, 3, 4, 5, 6, 7, 8, 9, 10, 11, 12, 13, 14, 15, 16, 17"
3501,1734603967710,1734603968850,1140,null,"1, 3, 4, 5, 6, 7, 8, 9, 10, 11, 12, 13, 14, 15, 16, 17"
3502,1734603967839,1734603969017,1178,null,"1, 3, 4, 5, 6, 7, 8, 9, 10, 11, 12, 13, 14, 15, 16, 17"
3503,1734603967840,1734603969215,1375,null,"1, 3, 4, 5, 6, 7, 8, 9, 10, 11, 12, 13, 14, 15, 16, 17"
3504,1734603967849,1734603969214,1365,null,"1, 3, 4, 5, 6, 7, 8, 9, 10, 11, 12, 13, 14, 15, 16, 17"
3505,1734603967850,1734603968905,1055,null,"1, 3, 4, 5, 6, 7, 8, 9, 10, 11, 12, 13, 14, 15, 16, 17"
3506,1734603967903,1734603968975,1072,null,"1, 3, 4, 5, 6, 7, 8, 9, 10, 11, 12, 13, 14, 15, 16, 17"
3507,1734603967911,1734603968849,938,null,"1, 3, 4, 5, 6, 7, 8, 9, 10, 11, 12, 13, 14, 15, 16, 17"
3508,1734603967956,1734603969172,1216,null,"1, 3, 4, 5, 6, 7, 8, 9, 10, 11, 12, 13, 14, 15, 16, 17"
3509,1734603967957,1734603969215,1258,null,"1, 3, 4, 5, 6, 7, 8, 9, 10, 11, 12, 13, 14, 15, 16, 17"
3510,1734603968023,1734603969172,1149,null,"1, 3, 4, 5, 6, 7, 8, 9, 10, 11, 12, 13, 14, 15, 16, 17"
3511,1734603968025,1734603969343,1318,null,"1, 3, 4, 5, 6, 7, 8, 9, 10, 11, 12, 13, 14, 15, 16, 17"
3512,1734603968026,1734603969215,1189,null,"1, 3, 4, 5, 6, 7, 8, 9, 10, 11, 12, 13, 14, 15, 16, 17"
3513,1734603968111,1734603969445,1334,null,"1, 3, 4, 5, 6, 7, 8, 9, 10, 11, 12, 13, 14, 15, 16, 17"
3514,1734603968155,1734603969445,1290,null,"1, 3, 4, 5, 6, 7, 8, 9, 10, 11, 12, 13, 14, 15, 16, 17"
3515,1734603968161,1734603969215,1054,null,"1, 3, 4, 5, 6, 7, 8, 9, 10, 11, 12, 13, 14, 15, 16, 17"
3516,1734603968162,1734603969354,1192,null,"1, 3, 4, 5, 6, 7, 8, 9, 10, 11, 12, 13, 14, 15, 16, 17"
3517,1734603968219,1734603969215,996,null,"1, 3, 4, 5, 6, 7, 8, 9, 10, 11, 12, 13, 14, 15, 16, 17"
3518,1734603968228,1734603969260,1032,null,"1, 3, 4, 5, 6, 7, 8, 9, 10, 11, 12, 13, 14, 15, 16, 17"
3519,1734603968300,1734603969586,1286,null,"1, 3, 4, 5, 6, 7, 8, 9, 10, 11, 12, 13, 14, 15, 16, 17"
3520,1734603968370,1734603969215,845,null,"1, 3, 4, 5, 6, 7, 8, 9, 10, 11, 12, 13, 14, 15, 16, 17"
3521,1734603968371,1734603969214,843,null,"1, 3, 4, 5, 6, 7, 8, 9, 10, 11, 12, 13, 14, 15, 16, 17"
3522,1734603968449,1734603969445,996,null,"1, 3, 4, 5, 6, 7, 8, 9, 10, 11, 12, 13, 14, 15, 16, 17"
3523,1734603968455,1734603969586,1131,null,"1, 3, 4, 5, 6, 7, 8, 9, 10, 11, 12, 13, 14, 15, 16, 17"
3524,1734603968505,1734603969701,1196,null,"1, 3, 4, 5, 6, 7, 8, 9, 10, 11, 12, 13, 14, 15, 16, 17"
3525,1734603968547,1734603969586,1039,null,"1, 3, 4, 5, 6, 7, 8, 9, 10, 11, 12, 13, 14, 15, 16, 17"
3526,1734603968549,1734603969451,902,null,"1, 3, 4, 5, 6, 7, 8, 9, 10, 11, 12, 13, 14, 15, 16, 17"
3527,1734603968550,1734603969318,768,null,"1, 3, 4, 5, 6, 7, 8, 9, 10, 11, 12, 13, 14, 15, 16, 17"
3528,1734603968614,1734603969928,1314,null,"1, 3, 4, 5, 6, 7, 8, 9, 10, 11, 12, 13, 14, 15, 16, 17"
3529,1734603968616,1734603969701,1085,null,"1, 3, 4, 5, 6, 7, 8, 9, 10, 11, 12, 13, 14, 15, 16, 17"
3530,1734603968617,1734603969448,831,null,"1, 3, 4, 5, 6, 7, 8, 9, 10, 11, 12, 13, 14, 15, 16, 17"
3531,1734603968670,1734603969928,1258,null,"1, 3, 4, 5, 6, 7, 8, 9, 10, 11, 12, 13, 14, 15, 16, 17"
3532,1734603968672,1734603969992,1320,null,"1, 3, 4, 5, 6, 7, 8, 9, 10, 11, 12, 13, 14, 15, 16, 17"
3533,1734603968673,1734603970006,1333,null,"1, 3, 4, 5, 6, 7, 8, 9, 10, 11, 12, 13, 14, 15, 16, 17"
3534,1734603968743,1734603969832,1089,null,"1, 3, 4, 5, 6, 7, 8, 9, 10, 11, 12, 13, 14, 15, 16, 17"
3535,1734603968744,1734603969701,957,null,"1, 3, 4, 5, 6, 7, 8, 9, 10, 11, 12, 13, 14, 15, 16, 17"
3536,1734603968746,1734603969461,715,null,"1, 3, 4, 5, 6, 7, 8, 9, 10, 11, 12, 13, 14, 15, 16, 17"
3537,1734603968816,1734603969928,1112,null,"1, 3, 4, 5, 6, 7, 8, 9, 10, 11, 12, 13, 14, 15, 16, 17"
3538,1734603968851,1734603969767,916,null,"1, 3, 4, 5, 6, 7, 8, 9, 10, 11, 12, 13, 14, 15, 16, 17"
3539,1734603968852,1734603969848,996,null,"1, 3, 4, 5, 6, 7, 8, 9, 10, 11, 12, 13, 14, 15, 16, 17"
3540,1734603968915,1734603969928,1013,null,"1, 3, 4, 5, 6, 7, 8, 9, 10, 11, 12, 13, 14, 15, 16, 17"
3541,1734603968920,1734603969767,847,null,"1, 3, 4, 5, 6, 7, 8, 9, 10, 11, 12, 13, 14, 15, 16, 17"
3542,1734603968984,1734603969704,720,null,"1, 3, 4, 5, 6, 7, 8, 9, 10, 11, 12, 13, 14, 15, 16, 17"
3543,1734603968985,1734603969928,943,null,"1, 3, 4, 5, 6, 7, 8, 9, 10, 11, 12, 13, 14, 15, 16, 17"
3544,1734603968986,1734603970016,1030,null,"1, 3, 4, 5, 6, 7, 8, 9, 10, 11, 12, 13, 14, 15, 16, 17"
3545,1734603968988,1734603969767,779,null,"1, 3, 4, 5, 6, 7, 8, 9, 10, 11, 12, 13, 14, 15, 16, 17"
3546,1734603969042,1734603969836,794,null,"1, 3, 4, 5, 6, 7, 8, 9, 10, 11, 12, 13, 14, 15, 16, 17"
3547,1734603969044,1734603970101,1057,null,"1, 3, 4, 5, 6, 7, 8, 9, 10, 11, 12, 13, 14, 15, 16, 17"
3548,1734603969045,1734603969934,889,null,"1, 3, 4, 5, 6, 7, 8, 9, 10, 11, 12, 13, 14, 15, 16, 17"
3549,1734603969120,1734603970120,1000,null,"1, 3, 4, 5, 6, 7, 8, 9, 10, 11, 12, 13, 14, 15, 16, 17"
3550,1734603969173,1734603970412,1239,null,"1, 3, 4, 5, 6, 7, 8, 9, 10, 11, 12, 13, 14, 15, 16, 17"
3551,1734603969233,1734603970413,1180,null,"1, 3, 4, 5, 6, 7, 8, 9, 10, 11, 12, 13, 14, 15, 16, 17"
3552,1734603969249,1734603970445,1196,null,"1, 3, 4, 5, 6, 7, 8, 9, 10, 11, 12, 13, 14, 15, 16, 17"
3553,1734603969250,1734603970412,1162,null,"1, 3, 4, 5, 6, 7, 8, 9, 10, 11, 12, 13, 14, 15, 16, 17"
3554,1734603969338,1734603970413,1075,null,"1, 3, 4, 5, 6, 7, 8, 9, 10, 11, 12, 13, 14, 15, 16, 17"
3555,1734603969446,1734603970689,1243,null,"1, 3, 4, 5, 6, 7, 8, 9, 10, 11, 12, 13, 14, 15, 16, 17"
3556,1734603969447,1734603970413,966,null,"1, 3, 4, 5, 6, 7, 8, 9, 10, 11, 12, 13, 14, 15, 16, 17"
3557,1734603969485,1734603970412,927,null,"1, 3, 4, 5, 6, 7, 8, 9, 10, 11, 12, 13, 14, 15, 16, 17"
3558,1734603969486,1734603970689,1203,null,"1, 3, 4, 5, 6, 7, 8, 9, 10, 11, 12, 13, 14, 15, 16, 17"
3559,1734603969487,1734603970412,925,null,"1, 3, 4, 5, 6, 7, 8, 9, 10, 11, 12, 13, 14, 15, 16, 17"
3560,1734603969572,1734603970589,1017,null,"1, 3, 4, 5, 6, 7, 8, 9, 10, 11, 12, 13, 14, 15, 16, 17"
3561,1734603969582,1734603971063,1481,null,"1, 3, 4, 5, 6, 7, 8, 9, 10, 11, 12, 13, 14, 15, 16, 17"
3562,1734603969637,1734603970412,775,null,"1, 3, 4, 5, 6, 7, 8, 9, 10, 11, 12, 13, 14, 15, 16, 17"
3563,1734603969680,1734603970413,733,null,"1, 3, 4, 5, 6, 7, 8, 9, 10, 11, 12, 13, 14, 15, 16, 17"
3564,1734603969682,1734603970875,1193,null,"1, 3, 4, 5, 6, 7, 8, 9, 10, 11, 12, 13, 14, 15, 16, 17"
3565,1734603969683,1734603970758,1075,null,"1, 3, 4, 5, 6, 7, 8, 9, 10, 11, 12, 13, 14, 15, 16, 17"
3566,1734603969745,1734603970828,1083,null,"1, 3, 4, 5, 6, 7, 8, 9, 10, 11, 12, 13, 14, 15, 16, 17"
3567,1734603969747,1734603970828,1081,null,"1, 3, 4, 5, 6, 7, 8, 9, 10, 11, 12, 13, 14, 15, 16, 17"
3568,1734603969748,1734603970828,1080,null,"1, 3, 4, 5, 6, 7, 8, 9, 10, 11, 12, 13, 14, 15, 16, 17"
3569,1734603969840,1734603970928,1088,null,"1, 3, 4, 5, 6, 7, 8, 9, 10, 11, 12, 13, 14, 15, 16, 17"
3570,1734603969841,1734603970828,987,null,"1, 3, 4, 5, 6, 7, 8, 9, 10, 11, 12, 13, 14, 15, 16, 17"
3571,1734603969842,1734603971218,1376,null,"1, 3, 4, 5, 6, 7, 8, 9, 10, 11, 12, 13, 14, 15, 16, 17"
3572,1734603969887,1734603970828,941,null,"1, 3, 4, 5, 6, 7, 8, 9, 10, 11, 12, 13, 14, 15, 16, 17"
3573,1734603969888,1734603970689,801,null,"1, 3, 4, 5, 6, 7, 8, 9, 10, 11, 12, 13, 14, 15, 16, 17"
3574,1734603969890,1734603971117,1227,null,"1, 3, 4, 5, 6, 7, 8, 9, 10, 11, 12, 13, 14, 15, 16, 17"
3575,1734603969930,1734603970828,898,null,"1, 3, 4, 5, 6, 7, 8, 9, 10, 11, 12, 13, 14, 15, 16, 17"
3576,1734603969931,1734603970828,897,null,"1, 3, 4, 5, 6, 7, 8, 9, 10, 11, 12, 13, 14, 15, 16, 17"
3577,1734603969971,1734603971344,1373,null,"1, 3, 4, 5, 6, 7, 8, 9, 10, 11, 12, 13, 14, 15, 16, 17"
3578,1734603969973,1734603970828,855,null,"1, 3, 4, 5, 6, 7, 8, 9, 10, 11, 12, 13, 14, 15, 16, 17"
3579,1734603970007,1734603971665,1658,null,"1, 3, 4, 5, 6, 7, 8, 9, 10, 11, 12, 13, 14, 15, 16, 17"
3580,1734603970012,1734603970764,752,null,"1, 3, 4, 5, 6, 7, 8, 9, 10, 11, 12, 13, 14, 15, 16, 17"
3581,1734603970013,1734603970936,923,null,"1, 3, 4, 5, 6, 7, 8, 9, 10, 11, 12, 13, 14, 15, 16, 17"
3582,1734603970078,1734603971344,1266,null,"1, 3, 4, 5, 6, 7, 8, 9, 10, 11, 12, 13, 14, 15, 16, 17"
3583,1734603970137,1734603971344,1207,null,"1, 3, 4, 5, 6, 7, 8, 9, 10, 11, 12, 13, 14, 15, 16, 17"
3584,1734603970138,1734603971432,1294,null,"1, 3, 4, 5, 6, 7, 8, 9, 10, 11, 12, 13, 14, 15, 16, 17"
3585,1734603970139,1734603971218,1079,null,"1, 3, 4, 5, 6, 7, 8, 9, 10, 11, 12, 13, 14, 15, 16, 17"
3586,1734603970193,1734603971036,843,null,"1, 3, 4, 5, 6, 7, 8, 9, 10, 11, 12, 13, 14, 15, 16, 17"
3587,1734603970194,1734603970948,754,null,"1, 3, 4, 5, 6, 7, 8, 9, 10, 11, 12, 13, 14, 15, 16, 17"
3588,1734603970195,1734603971344,1149,null,"1, 3, 4, 5, 6, 7, 8, 9, 10, 11, 12, 13, 14, 15, 16, 17"
3589,1734603970253,1734603971229,976,null,"1, 3, 4, 5, 6, 7, 8, 9, 10, 11, 12, 13, 14, 15, 16, 17"
3590,1734603970254,1734603971343,1089,null,"1, 3, 4, 5, 6, 7, 8, 9, 10, 11, 12, 13, 14, 15, 16, 17"
3591,1734603970255,1734603971218,963,null,"1, 3, 4, 5, 6, 7, 8, 9, 10, 11, 12, 13, 14, 15, 16, 17"
3592,1734603970261,1734603971262,1001,null,"1, 3, 4, 5, 6, 7, 8, 9, 10, 11, 12, 13, 14, 15, 16, 17"
3593,1734603970262,1734603970828,566,null,"1, 3, 4, 5, 6, 7, 8, 9, 10, 11, 12, 13, 14, 15, 16, 17"
3594,1734603970267,1734603970894,627,null,"1, 3, 4, 5, 6, 7, 8, 9, 10, 11, 12, 13, 14, 15, 16, 17"
3595,1734603970269,1734603971344,1075,null,"1, 3, 4, 5, 6, 7, 8, 9, 10, 11, 12, 13, 14, 15, 16, 17"
3596,1734603970270,1734603971343,1073,null,"1, 3, 4, 5, 6, 7, 8, 9, 10, 11, 12, 13, 14, 15, 16, 17"
3597,1734603970306,1734603971142,836,null,"1, 3, 4, 5, 6, 7, 8, 9, 10, 11, 12, 13, 14, 15, 16, 17"
3598,1734603970307,1734603971706,1399,null,"1, 3, 4, 5, 6, 7, 8, 9, 10, 11, 12, 13, 14, 15, 16, 17"
3599,1734603970412,1734603971343,931,null,"1, 3, 4, 5, 6, 7, 8, 9, 10, 11, 12, 13, 14, 15, 16, 17"
3600,1734603970416,1734603971787,1371,null,"1, 3, 4, 5, 6, 7, 8, 9, 10, 11, 12, 13, 14, 15, 16, 17"
3601,1734603970459,1734603971706,1247,null,"1, 3, 4, 5, 6, 7, 8, 9, 10, 11, 12, 13, 14, 15, 16, 17"
3602,1734603970460,1734603971706,1246,null,"1, 3, 4, 5, 6, 7, 8, 9, 10, 11, 12, 13, 14, 15, 16, 17"
3603,1734603970584,1734603971870,1286,null,"1, 3, 4, 5, 6, 7, 8, 9, 10, 11, 12, 13, 14, 15, 16, 17"
3604,1734603970586,1734603971812,1226,null,"1, 3, 4, 5, 6, 7, 8, 9, 10, 11, 12, 13, 14, 15, 16, 17"
3605,1734603970587,1734603971706,1119,null,"1, 3, 4, 5, 6, 7, 8, 9, 10, 11, 12, 13, 14, 15, 16, 17"
3606,1734603970663,1734603971446,783,null,"1, 3, 4, 5, 6, 7, 8, 9, 10, 11, 12, 13, 14, 15, 16, 17"
3607,1734603970668,1734603971767,1099,null,"1, 3, 4, 5, 6, 7, 8, 9, 10, 11, 12, 13, 14, 15, 16, 17"
3608,1734603970670,1734603971884,1214,null,"1, 3, 4, 5, 6, 7, 8, 9, 10, 11, 12, 13, 14, 15, 16, 17"
3609,1734603970765,1734603972046,1281,null,"1, 3, 4, 5, 6, 7, 8, 9, 10, 11, 12, 13, 14, 15, 16, 17"
3610,1734603970807,1734603971870,1063,null,"1, 3, 4, 5, 6, 7, 8, 9, 10, 11, 12, 13, 14, 15, 16, 17"
3611,1734603970808,1734603972145,1337,null,"1, 3, 4, 5, 6, 7, 8, 9, 10, 11, 12, 13, 14, 15, 16, 17"
3612,1734603970810,1734603972255,1445,null,"1, 3, 4, 5, 6, 7, 8, 9, 10, 11, 12, 13, 14, 15, 16, 17"
3613,1734603970876,1734603972040,1164,null,"1, 3, 4, 5, 6, 7, 8, 9, 10, 11, 12, 13, 14, 15, 16, 17"
3614,1734603970878,1734603971720,842,null,"1, 3, 4, 5, 6, 7, 8, 9, 10, 11, 12, 13, 14, 15, 16, 17"
3615,1734603970879,1734603972146,1267,null,"1, 3, 4, 5, 6, 7, 8, 9, 10, 11, 12, 13, 14, 15, 16, 17"
3616,1734603971010,1734603972451,1441,null,"1, 3, 4, 5, 6, 7, 8, 9, 10, 11, 12, 13, 14, 15, 16, 17"
3617,1734603971012,1734603972451,1439,null,"1, 3, 4, 5, 6, 7, 8, 9, 10, 11, 12, 13, 14, 15, 16, 17"
3618,1734603971013,1734603972173,1160,null,"1, 3, 4, 5, 6, 7, 8, 9, 10, 11, 12, 13, 14, 15, 16, 17"
3619,1734603971062,1734603972146,1084,null,"1, 3, 4, 5, 6, 7, 8, 9, 10, 11, 12, 13, 14, 15, 16, 17"
3620,1734603971063,1734603971987,924,null,"1, 3, 4, 5, 6, 7, 8, 9, 10, 11, 12, 13, 14, 15, 16, 17"
3621,1734603971065,1734603972260,1195,null,"1, 3, 4, 5, 6, 7, 8, 9, 10, 11, 12, 13, 14, 15, 16, 17"
3622,1734603971143,1734603972500,1357,null,"1, 3, 4, 5, 6, 7, 8, 9, 10, 11, 12, 13, 14, 15, 16, 17"
3623,1734603971144,1734603972451,1307,null,"1, 3, 4, 5, 6, 7, 8, 9, 10, 11, 12, 13, 14, 15, 16, 17"
3624,1734603971145,1734603972451,1306,null,"1, 3, 4, 5, 6, 7, 8, 9, 10, 11, 12, 13, 14, 15, 16, 17"
3625,1734603971228,1734603972146,918,null,"1, 3, 4, 5, 6, 7, 8, 9, 10, 11, 12, 13, 14, 15, 16, 17"
3626,1734603971281,1734603972308,1027,null,"1, 3, 4, 5, 6, 7, 8, 9, 10, 11, 12, 13, 14, 15, 16, 17"
3627,1734603971283,1734603972451,1168,null,"1, 3, 4, 5, 6, 7, 8, 9, 10, 11, 12, 13, 14, 15, 16, 17"
3628,1734603971354,1734603972500,1146,null,"1, 3, 4, 5, 6, 7, 8, 9, 10, 11, 12, 13, 14, 15, 16, 17"
3629,1734603971356,1734603972451,1095,null,"1, 3, 4, 5, 6, 7, 8, 9, 10, 11, 12, 13, 14, 15, 16, 17"
3630,1734603971357,1734603972451,1094,null,"1, 3, 4, 5, 6, 7, 8, 9, 10, 11, 12, 13, 14, 15, 16, 17"
3631,1734603971358,1734603972146,788,null,"1, 3, 4, 5, 6, 7, 8, 9, 10, 11, 12, 13, 14, 15, 16, 17"
3632,1734603971367,1734603972782,1415,null,"1, 3, 4, 5, 6, 7, 8, 9, 10, 11, 12, 13, 14, 15, 16, 17"
3633,1734603971368,1734603972639,1271,null,"1, 3, 4, 5, 6, 7, 8, 9, 10, 11, 12, 13, 14, 15, 16, 17"
3634,1734603971409,1734603972451,1042,null,"1, 3, 4, 5, 6, 7, 8, 9, 10, 11, 12, 13, 14, 15, 16, 17"
3635,1734603971410,1734603972648,1238,null,"1, 3, 4, 5, 6, 7, 8, 9, 10, 11, 12, 13, 14, 15, 16, 17"
3636,1734603971411,1734603972788,1377,null,"1, 3, 4, 5, 6, 7, 8, 9, 10, 11, 12, 13, 14, 15, 16, 17"
3637,1734603971485,1734603972799,1314,null,"1, 3, 4, 5, 6, 7, 8, 9, 10, 11, 12, 13, 14, 15, 16, 17"
3638,1734603971486,1734603972500,1014,null,"1, 3, 4, 5, 6, 7, 8, 9, 10, 11, 12, 13, 14, 15, 16, 17"
3639,1734603971487,1734603972500,1013,null,"1, 3, 4, 5, 6, 7, 8, 9, 10, 11, 12, 13, 14, 15, 16, 17"
3640,1734603971613,1734603973058,1445,null,"1, 3, 4, 5, 6, 7, 8, 9, 10, 11, 12, 13, 14, 15, 16, 17"
3641,1734603971626,1734603972849,1223,null,"1, 3, 4, 5, 6, 7, 8, 9, 10, 11, 12, 13, 14, 15, 16, 17"
3642,1734603971655,1734603972500,845,null,"1, 3, 4, 5, 6, 7, 8, 9, 10, 11, 12, 13, 14, 15, 16, 17"
3643,1734603971656,1734603972740,1084,null,"1, 3, 4, 5, 6, 7, 8, 9, 10, 11, 12, 13, 14, 15, 16, 17"
3644,1734603971658,1734603972788,1130,null,"1, 3, 4, 5, 6, 7, 8, 9, 10, 11, 12, 13, 14, 15, 16, 17"
3645,1734603971727,1734603972779,1052,null,"1, 3, 4, 5, 6, 7, 8, 9, 10, 11, 12, 13, 14, 15, 16, 17"
3646,1734603971728,1734603972918,1190,null,"1, 3, 4, 5, 6, 7, 8, 9, 10, 11, 12, 13, 14, 15, 16, 17"
3647,1734603971729,1734603972918,1189,null,"1, 3, 4, 5, 6, 7, 8, 9, 10, 11, 12, 13, 14, 15, 16, 17"
3648,1734603971749,1734603972651,902,null,"1, 3, 4, 5, 6, 7, 8, 9, 10, 11, 12, 13, 14, 15, 16, 17"
3649,1734603971782,1734603972681,899,null,"1, 3, 4, 5, 6, 7, 8, 9, 10, 11, 12, 13, 14, 15, 16, 17"
3650,1734603971783,1734603972451,668,null,"1, 3, 4, 5, 6, 7, 8, 9, 10, 11, 12, 13, 14, 15, 16, 17"
3651,1734603971868,1734603973013,1145,null,"1, 3, 4, 5, 6, 7, 8, 9, 10, 11, 12, 13, 14, 15, 16, 17"
3652,1734603971869,1734603972932,1063,null,"1, 3, 4, 5, 6, 7, 8, 9, 10, 11, 12, 13, 14, 15, 16, 17"
3653,1734603971870,1734603973119,1249,null,"1, 3, 4, 5, 6, 7, 8, 9, 10, 11, 12, 13, 14, 15, 16, 17"
3654,1734603971956,1734603973058,1102,null,"1, 3, 4, 5, 6, 7, 8, 9, 10, 11, 12, 13, 14, 15, 16, 17"
3655,1734603971965,1734603973212,1247,null,"1, 3, 4, 5, 6, 7, 8, 9, 10, 11, 12, 13, 14, 15, 16, 17"
3656,1734603971966,1734603973163,1197,null,"1, 3, 4, 5, 6, 7, 8, 9, 10, 11, 12, 13, 14, 15, 16, 17"
3657,1734603972046,1734603973163,1117,null,"1, 3, 4, 5, 6, 7, 8, 9, 10, 11, 12, 13, 14, 15, 16, 17"
3658,1734603972047,1734603973256,1209,null,"1, 3, 4, 5, 6, 7, 8, 9, 10, 11, 12, 13, 14, 15, 16, 17"
3659,1734603972049,1734603973058,1009,null,"1, 3, 4, 5, 6, 7, 8, 9, 10, 11, 12, 13, 14, 15, 16, 17"
3660,1734603972109,1734603973221,1112,null,"1, 3, 4, 5, 6, 7, 8, 9, 10, 11, 12, 13, 14, 15, 16, 17"
3661,1734603972139,1734603973017,878,null,"1, 3, 4, 5, 6, 7, 8, 9, 10, 11, 12, 13, 14, 15, 16, 17"
3662,1734603972140,1734603973202,1062,null,"1, 3, 4, 5, 6, 7, 8, 9, 10, 11, 12, 13, 14, 15, 16, 17"
3663,1734603972146,1734603973559,1413,null,"1, 3, 4, 5, 6, 7, 8, 9, 10, 11, 12, 13, 14, 15, 16, 17"
3664,1734603972153,1734603973372,1219,null,"1, 3, 4, 5, 6, 7, 8, 9, 10, 11, 12, 13, 14, 15, 16, 17"
3665,1734603972154,1734603973413,1259,null,"1, 3, 4, 5, 6, 7, 8, 9, 10, 11, 12, 13, 14, 15, 16, 17"
3666,1734603972155,1734603973372,1217,null,"1, 3, 4, 5, 6, 7, 8, 9, 10, 11, 12, 13, 14, 15, 16, 17"
3667,1734603972252,1734603973703,1451,null,"1, 3, 4, 5, 6, 7, 8, 9, 10, 11, 12, 13, 14, 15, 16, 17"
3668,1734603972253,1734603973308,1055,null,"1, 3, 4, 5, 6, 7, 8, 9, 10, 11, 12, 13, 14, 15, 16, 17"
3669,1734603972254,1734603973163,909,null,"1, 3, 4, 5, 6, 7, 8, 9, 10, 11, 12, 13, 14, 15, 16, 17"
3670,1734603972355,1734603973631,1276,null,"1, 3, 4, 5, 6, 7, 8, 9, 10, 11, 12, 13, 14, 15, 16, 17"
3671,1734603972452,1734603973620,1168,null,"1, 3, 4, 5, 6, 7, 8, 9, 10, 11, 12, 13, 14, 15, 16, 17"
3672,1734603972509,1734603973760,1251,null,"1, 3, 4, 5, 6, 7, 8, 9, 10, 11, 12, 13, 14, 15, 16, 17"
3673,1734603972510,1734603973390,880,null,"1, 3, 4, 5, 6, 7, 8, 9, 10, 11, 12, 13, 14, 15, 16, 17"
3674,1734603972520,1734603973909,1389,null,"1, 3, 4, 5, 6, 7, 8, 9, 10, 11, 12, 13, 14, 15, 16, 17"
3675,1734603972583,1734603973838,1255,null,"1, 3, 4, 5, 6, 7, 8, 9, 10, 11, 12, 13, 14, 15, 16, 17"
3676,1734603972584,1734603973838,1254,null,"1, 3, 4, 5, 6, 7, 8, 9, 10, 11, 12, 13, 14, 15, 16, 17"
3677,1734603972585,1734603973559,974,null,"1, 3, 4, 5, 6, 7, 8, 9, 10, 11, 12, 13, 14, 15, 16, 17"
3678,1734603972700,1734603973606,906,null,"1, 3, 4, 5, 6, 7, 8, 9, 10, 11, 12, 13, 14, 15, 16, 17"
3679,1734603972701,1734603974118,1417,null,"1, 3, 4, 5, 6, 7, 8, 9, 10, 11, 12, 13, 14, 15, 16, 17"
3680,1734603972702,1734603973838,1136,null,"1, 3, 4, 5, 6, 7, 8, 9, 10, 11, 12, 13, 14, 15, 16, 17"
3681,1734603972771,1734603974118,1347,null,"1, 3, 4, 5, 6, 7, 8, 9, 10, 11, 12, 13, 14, 15, 16, 17"
3682,1734603972772,1734603973991,1219,null,"1, 3, 4, 5, 6, 7, 8, 9, 10, 11, 12, 13, 14, 15, 16, 17"
3683,1734603972838,1734603973980,1142,null,"1, 3, 4, 5, 6, 7, 8, 9, 10, 11, 12, 13, 14, 15, 16, 17"
3684,1734603972840,1734603974249,1409,null,"1, 3, 4, 5, 6, 7, 8, 9, 10, 11, 12, 13, 14, 15, 16, 17"
3685,1734603972841,1734603973897,1056,null,"1, 3, 4, 5, 6, 7, 8, 9, 10, 11, 12, 13, 14, 15, 16, 17"
3686,1734603972916,1734603974119,1203,null,"1, 3, 4, 5, 6, 7, 8, 9, 10, 11, 12, 13, 14, 15, 16, 17"
3687,1734603972917,1734603974119,1202,null,"1, 3, 4, 5, 6, 7, 8, 9, 10, 11, 12, 13, 14, 15, 16, 17"
3688,1734603972919,1734603973993,1074,null,"1, 3, 4, 5, 6, 7, 8, 9, 10, 11, 12, 13, 14, 15, 16, 17"
3689,1734603973008,1734603974118,1110,null,"1, 3, 4, 5, 6, 7, 8, 9, 10, 11, 12, 13, 14, 15, 16, 17"
3690,1734603973111,1734603974515,1404,null,"1, 3, 4, 5, 6, 7, 8, 9, 10, 11, 12, 13, 14, 15, 16, 17"
3691,1734603973112,1734603974612,1500,null,"1, 3, 4, 5, 6, 7, 8, 9, 10, 11, 12, 13, 14, 15, 16, 17"
3692,1734603973153,1734603974253,1100,null,"1, 3, 4, 5, 6, 7, 8, 9, 10, 11, 12, 13, 14, 15, 16, 17"
3693,1734603973154,1734603974418,1264,null,"1, 3, 4, 5, 6, 7, 8, 9, 10, 11, 12, 13, 14, 15, 16, 17"
3694,1734603973155,1734603974522,1367,null,"1, 3, 4, 5, 6, 7, 8, 9, 10, 11, 12, 13, 14, 15, 16, 17"
3695,1734603973252,1734603974387,1135,null,"1, 3, 4, 5, 6, 7, 8, 9, 10, 11, 12, 13, 14, 15, 16, 17"
3696,1734603973254,1734603974159,905,null,"1, 3, 4, 5, 6, 7, 8, 9, 10, 11, 12, 13, 14, 15, 16, 17"
3697,1734603973255,1734603974119,864,null,"1, 3, 4, 5, 6, 7, 8, 9, 10, 11, 12, 13, 14, 15, 16, 17"
3698,1734603973338,1734603974522,1184,null,"1, 3, 4, 5, 6, 7, 8, 9, 10, 11, 12, 13, 14, 15, 16, 17"
3699,1734603973339,1734603974373,1034,null,"1, 3, 4, 5, 6, 7, 8, 9, 10, 11, 12, 13, 14, 15, 16, 17"
3700,1734603973341,1734603974529,1188,null,"1, 3, 4, 5, 6, 7, 8, 9, 10, 11, 12, 13, 14, 15, 16, 17"
3701,1734603973342,1734603974700,1358,null,"1, 3, 4, 5, 6, 7, 8, 9, 10, 11, 12, 13, 14, 15, 16, 17"
3702,1734603973343,1734603974239,896,null,"1, 3, 4, 5, 6, 7, 8, 9, 10, 11, 12, 13, 14, 15, 16, 17"
3703,1734603973344,1734603974354,1010,null,"1, 3, 4, 5, 6, 7, 8, 9, 10, 11, 12, 13, 14, 15, 16, 17"
3704,1734603973346,1734603974514,1168,null,"1, 3, 4, 5, 6, 7, 8, 9, 10, 11, 12, 13, 14, 15, 16, 17"
3705,1734603973347,1734603974346,999,null,"1, 3, 4, 5, 6, 7, 8, 9, 10, 11, 12, 13, 14, 15, 16, 17"
3706,1734603973348,1734603974515,1167,null,"1, 3, 4, 5, 6, 7, 8, 9, 10, 11, 12, 13, 14, 15, 16, 17"
3707,1734603973349,1734603974522,1173,null,"1, 3, 4, 5, 6, 7, 8, 9, 10, 11, 12, 13, 14, 15, 16, 17"
3708,1734603973351,1734603974159,808,null,"1, 3, 4, 5, 6, 7, 8, 9, 10, 11, 12, 13, 14, 15, 16, 17"
3709,1734603973352,1734603973997,645,null,"1, 3, 4, 5, 6, 7, 8, 9, 10, 11, 12, 13, 14, 15, 16, 17"
3710,1734603973395,1734603974695,1300,null,"1, 3, 4, 5, 6, 7, 8, 9, 10, 11, 12, 13, 14, 15, 16, 17"
3711,1734603973396,1734603974246,850,null,"1, 3, 4, 5, 6, 7, 8, 9, 10, 11, 12, 13, 14, 15, 16, 17"
3712,1734603973398,1734603974515,1117,null,"1, 3, 4, 5, 6, 7, 8, 9, 10, 11, 12, 13, 14, 15, 16, 17"
3713,1734603973462,1734603974823,1361,null,"1, 3, 4, 5, 6, 7, 8, 9, 10, 11, 12, 13, 14, 15, 16, 17"
3714,1734603973463,1734603974522,1059,null,"1, 3, 4, 5, 6, 7, 8, 9, 10, 11, 12, 13, 14, 15, 16, 17"
3715,1734603973530,1734603974961,1431,null,"1, 3, 4, 5, 6, 7, 8, 9, 10, 11, 12, 13, 14, 15, 16, 17"
3716,1734603973532,1734603974823,1291,null,"1, 3, 4, 5, 6, 7, 8, 9, 10, 11, 12, 13, 14, 15, 16, 17"
3717,1734603973533,1734603974823,1290,null,"1, 3, 4, 5, 6, 7, 8, 9, 10, 11, 12, 13, 14, 15, 16, 17"
3718,1734603973617,1734603974896,1279,null,"1, 3, 4, 5, 6, 7, 8, 9, 10, 11, 12, 13, 14, 15, 16, 17"
3719,1734603973618,1734603974522,904,null,"1, 3, 4, 5, 6, 7, 8, 9, 10, 11, 12, 13, 14, 15, 16, 17"
3720,1734603973619,1734603974532,913,null,"1, 3, 4, 5, 6, 7, 8, 9, 10, 11, 12, 13, 14, 15, 16, 17"
3721,1734603973698,1734603974823,1125,null,"1, 3, 4, 5, 6, 7, 8, 9, 10, 11, 12, 13, 14, 15, 16, 17"
3722,1734603973699,1734603974574,875,null,"1, 3, 4, 5, 6, 7, 8, 9, 10, 11, 12, 13, 14, 15, 16, 17"
3723,1734603973759,1734603975378,1619,null,"1, 3, 4, 5, 6, 7, 8, 9, 10, 11, 12, 13, 14, 15, 16, 17"
3724,1734603973765,1734603974945,1180,null,"1, 3, 4, 5, 6, 7, 8, 9, 10, 11, 12, 13, 14, 15, 16, 17"
3725,1734603973772,1734603975070,1298,null,"1, 3, 4, 5, 6, 7, 8, 9, 10, 11, 12, 13, 14, 15, 16, 17"
3726,1734603973866,1734603975113,1247,null,"1, 3, 4, 5, 6, 7, 8, 9, 10, 11, 12, 13, 14, 15, 16, 17"
3727,1734603973875,1734603975070,1195,null,"1, 3, 4, 5, 6, 7, 8, 9, 10, 11, 12, 13, 14, 15, 16, 17"
3728,1734603973878,1734603975113,1235,null,"1, 3, 4, 5, 6, 7, 8, 9, 10, 11, 12, 13, 14, 15, 16, 17"
3729,1734603973963,1734603975156,1193,null,"1, 3, 4, 5, 6, 7, 8, 9, 10, 11, 12, 13, 14, 15, 16, 17"
3730,1734603973972,1734603975161,1189,null,"1, 3, 4, 5, 6, 7, 8, 9, 10, 11, 12, 13, 14, 15, 16, 17"
3731,1734603973973,1734603975113,1140,null,"1, 3, 4, 5, 6, 7, 8, 9, 10, 11, 12, 13, 14, 15, 16, 17"
3732,1734603973975,1734603975267,1292,null,"1, 3, 4, 5, 6, 7, 8, 9, 10, 11, 12, 13, 14, 15, 16, 17"
3733,1734603974019,1734603975113,1094,null,"1, 3, 4, 5, 6, 7, 8, 9, 10, 11, 12, 13, 14, 15, 16, 17"
3734,1734603974086,1734603975286,1200,null,"1, 3, 4, 5, 6, 7, 8, 9, 10, 11, 12, 13, 14, 15, 16, 17"
3735,1734603974087,1734603975414,1327,null,"1, 3, 4, 5, 6, 7, 8, 9, 10, 11, 12, 13, 14, 15, 16, 17"
3736,1734603974159,1734603975191,1032,null,"1, 3, 4, 5, 6, 7, 8, 9, 10, 11, 12, 13, 14, 15, 16, 17"
3737,1734603974161,1734603975113,952,null,"1, 3, 4, 5, 6, 7, 8, 9, 10, 11, 12, 13, 14, 15, 16, 17"
3738,1734603974162,1734603975566,1404,null,"1, 3, 4, 5, 6, 7, 8, 9, 10, 11, 12, 13, 14, 15, 16, 17"
3739,1734603974259,1734603975792,1533,null,"1, 3, 4, 5, 6, 7, 8, 9, 10, 11, 12, 13, 14, 15, 16, 17"
3740,1734603974260,1734603975577,1317,null,"1, 3, 4, 5, 6, 7, 8, 9, 10, 11, 12, 13, 14, 15, 16, 17"
3741,1734603974262,1734603975792,1530,null,"1, 3, 4, 5, 6, 7, 8, 9, 10, 11, 12, 13, 14, 15, 16, 17"
3742,1734603974337,1734603975316,979,null,"1, 3, 4, 5, 6, 7, 8, 9, 10, 11, 12, 13, 14, 15, 16, 17"
3743,1734603974338,1734603975651,1313,null,"1, 3, 4, 5, 6, 7, 8, 9, 10, 11, 12, 13, 14, 15, 16, 17"
3744,1734603974410,1734603975566,1156,null,"1, 3, 4, 5, 6, 7, 8, 9, 10, 11, 12, 13, 14, 15, 16, 17"
3745,1734603974412,1734603975413,1001,null,"1, 3, 4, 5, 6, 7, 8, 9, 10, 11, 12, 13, 14, 15, 16, 17"
3746,1734603974413,1734603975566,1153,null,"1, 3, 4, 5, 6, 7, 8, 9, 10, 11, 12, 13, 14, 15, 16, 17"
3747,1734603974497,1734603975727,1230,null,"1, 3, 4, 5, 6, 7, 8, 9, 10, 11, 12, 13, 14, 15, 16, 17"
3748,1734603974499,1734603975510,1011,null,"1, 3, 4, 5, 6, 7, 8, 9, 10, 11, 12, 13, 14, 15, 16, 17"
3749,1734603974539,1734603975639,1100,null,"1, 3, 4, 5, 6, 7, 8, 9, 10, 11, 12, 13, 14, 15, 16, 17"
3750,1734603974540,1734603975567,1027,null,"1, 3, 4, 5, 6, 7, 8, 9, 10, 11, 12, 13, 14, 15, 16, 17"
3751,1734603974541,1734603975493,952,null,"1, 3, 4, 5, 6, 7, 8, 9, 10, 11, 12, 13, 14, 15, 16, 17"
3752,1734603974543,1734603975567,1024,null,"1, 3, 4, 5, 6, 7, 8, 9, 10, 11, 12, 13, 14, 15, 16, 17"
3753,1734603974682,1734603975792,1110,null,"1, 3, 4, 5, 6, 7, 8, 9, 10, 11, 12, 13, 14, 15, 16, 17"
3754,1734603974683,1734603976187,1504,null,"1, 3, 4, 5, 6, 7, 8, 9, 10, 11, 12, 13, 14, 15, 16, 17"
3755,1734603974685,1734603975567,882,null,"1, 3, 4, 5, 6, 7, 8, 9, 10, 11, 12, 13, 14, 15, 16, 17"
3756,1734603974787,1734603975917,1130,null,"1, 3, 4, 5, 6, 7, 8, 9, 10, 11, 12, 13, 14, 15, 16, 17"
3757,1734603974789,1734603975611,822,null,"1, 3, 4, 5, 6, 7, 8, 9, 10, 11, 12, 13, 14, 15, 16, 17"
3758,1734603974790,1734603975817,1027,null,"1, 3, 4, 5, 6, 7, 8, 9, 10, 11, 12, 13, 14, 15, 16, 17"
3759,1734603974839,1734603976018,1179,null,"1, 3, 4, 5, 6, 7, 8, 9, 10, 11, 12, 13, 14, 15, 16, 17"
3760,1734603974841,1734603976274,1433,null,"1, 3, 4, 5, 6, 7, 8, 9, 10, 11, 12, 13, 14, 15, 16, 17"
3761,1734603974943,1734603975977,1034,null,"1, 3, 4, 5, 6, 7, 8, 9, 10, 11, 12, 13, 14, 15, 16, 17"
3762,1734603974944,1734603976018,1074,null,"1, 3, 4, 5, 6, 7, 8, 9, 10, 11, 12, 13, 14, 15, 16, 17"
3763,1734603974945,1734603975641,696,null,"1, 3, 4, 5, 6, 7, 8, 9, 10, 11, 12, 13, 14, 15, 16, 17"
3764,1734603974994,1734603975915,921,null,"1, 3, 4, 5, 6, 7, 8, 9, 10, 11, 12, 13, 14, 15, 16, 17"
3765,1734603974995,1734603976089,1094,null,"1, 3, 4, 5, 6, 7, 8, 9, 10, 11, 12, 13, 14, 15, 16, 17"
3766,1734603974997,1734603976274,1277,null,"1, 3, 4, 5, 6, 7, 8, 9, 10, 11, 12, 13, 14, 15, 16, 17"
3767,1734603975099,1734603976111,1012,null,"1, 3, 4, 5, 6, 7, 8, 9, 10, 11, 12, 13, 14, 15, 16, 17"
3768,1734603975100,1734603976110,1010,null,"1, 3, 4, 5, 6, 7, 8, 9, 10, 11, 12, 13, 14, 15, 16, 17"
3769,1734603975101,1734603976188,1087,null,"1, 3, 4, 5, 6, 7, 8, 9, 10, 11, 12, 13, 14, 15, 16, 17"
3770,1734603975165,1734603976066,901,null,"1, 3, 4, 5, 6, 7, 8, 9, 10, 11, 12, 13, 14, 15, 16, 17"
3771,1734603975167,1734603976407,1240,null,"1, 3, 4, 5, 6, 7, 8, 9, 10, 11, 12, 13, 14, 15, 16, 17"
3772,1734603975271,1734603976361,1090,null,"1, 3, 4, 5, 6, 7, 8, 9, 10, 11, 12, 13, 14, 15, 16, 17"
3773,1734603975278,1734603976467,1189,null,"1, 3, 4, 5, 6, 7, 8, 9, 10, 11, 12, 13, 14, 15, 16, 17"
3774,1734603975280,1734603976823,1543,null,"1, 3, 4, 5, 6, 7, 8, 9, 10, 11, 12, 13, 14, 15, 16, 17"
3775,1734603975293,1734603976598,1305,null,"1, 3, 4, 5, 6, 7, 8, 9, 10, 11, 12, 13, 14, 15, 16, 17"
3776,1734603975342,1734603976274,932,null,"1, 3, 4, 5, 6, 7, 8, 9, 10, 11, 12, 13, 14, 15, 16, 17"
3777,1734603975348,1734603976564,1216,null,"1, 3, 4, 5, 6, 7, 8, 9, 10, 11, 12, 13, 14, 15, 16, 17"
3778,1734603975349,1734603976193,844,null,"1, 3, 4, 5, 6, 7, 8, 9, 10, 11, 12, 13, 14, 15, 16, 17"
3779,1734603975355,1734603976361,1006,null,"1, 3, 4, 5, 6, 7, 8, 9, 10, 11, 12, 13, 14, 15, 16, 17"
3780,1734603975415,1734603976527,1112,null,"1, 3, 4, 5, 6, 7, 8, 9, 10, 11, 12, 13, 14, 15, 16, 17"
3781,1734603975429,1734603976465,1036,null,"1, 3, 4, 5, 6, 7, 8, 9, 10, 11, 12, 13, 14, 15, 16, 17"
3782,1734603975430,1734603976598,1168,null,"1, 3, 4, 5, 6, 7, 8, 9, 10, 11, 12, 13, 14, 15, 16, 17"
3783,1734603975481,1734603976750,1269,null,"1, 3, 4, 5, 6, 7, 8, 9, 10, 11, 12, 13, 14, 15, 16, 17"
3784,1734603975482,1734603976806,1324,null,"1, 3, 4, 5, 6, 7, 8, 9, 10, 11, 12, 13, 14, 15, 16, 17"
3785,1734603975540,1734603976598,1058,null,"1, 3, 4, 5, 6, 7, 8, 9, 10, 11, 12, 13, 14, 15, 16, 17"
3786,1734603975579,1734603976985,1406,null,"1, 3, 4, 5, 6, 7, 8, 9, 10, 11, 12, 13, 14, 15, 16, 17"
3787,1734603975580,1734603976869,1289,null,"1, 3, 4, 5, 6, 7, 8, 9, 10, 11, 12, 13, 14, 15, 16, 17"
3788,1734603975581,1734603976750,1169,null,"1, 3, 4, 5, 6, 7, 8, 9, 10, 11, 12, 13, 14, 15, 16, 17"
3789,1734603975687,1734603976661,974,null,"1, 3, 4, 5, 6, 7, 8, 9, 10, 11, 12, 13, 14, 15, 16, 17"
3790,1734603975688,1734603976756,1068,null,"1, 3, 4, 5, 6, 7, 8, 9, 10, 11, 12, 13, 14, 15, 16, 17"
3791,1734603975765,1734603976465,700,null,"1, 3, 4, 5, 6, 7, 8, 9, 10, 11, 12, 13, 14, 15, 16, 17"
3792,1734603975807,1734603976987,1180,null,"1, 3, 4, 5, 6, 7, 8, 9, 10, 11, 12, 13, 14, 15, 16, 17"
3793,1734603975809,1734603976527,718,null,"1, 3, 4, 5, 6, 7, 8, 9, 10, 11, 12, 13, 14, 15, 16, 17"
3794,1734603975810,1734603976820,1010,null,"1, 3, 4, 5, 6, 7, 8, 9, 10, 11, 12, 13, 14, 15, 16, 17"
3795,1734603975882,1734603976869,987,null,"1, 3, 4, 5, 6, 7, 8, 9, 10, 11, 12, 13, 14, 15, 16, 17"
3796,1734603975935,1734603977071,1136,null,"1, 3, 4, 5, 6, 7, 8, 9, 10, 11, 12, 13, 14, 15, 16, 17"
3797,1734603975940,1734603976991,1051,null,"1, 3, 4, 5, 6, 7, 8, 9, 10, 11, 12, 13, 14, 15, 16, 17"
3798,1734603975947,1734603976922,975,null,"1, 3, 4, 5, 6, 7, 8, 9, 10, 11, 12, 13, 14, 15, 16, 17"
3799,1734603975983,1734603977153,1170,null,"1, 3, 4, 5, 6, 7, 8, 9, 10, 11, 12, 13, 14, 15, 16, 17"
3800,1734603975987,1734603976820,833,null,"1, 3, 4, 5, 6, 7, 8, 9, 10, 11, 12, 13, 14, 15, 16, 17"
3801,1734603975989,1734603977140,1151,null,"1, 3, 4, 5, 6, 7, 8, 9, 10, 11, 12, 13, 14, 15, 16, 17"
3802,1734603976032,1734603977323,1291,null,"1, 3, 4, 5, 6, 7, 8, 9, 10, 11, 12, 13, 14, 15, 16, 17"
3803,1734603976037,1734603977134,1097,null,"1, 3, 4, 5, 6, 7, 8, 9, 10, 11, 12, 13, 14, 15, 16, 17"
3804,1734603976125,1734603977323,1198,null,"1, 3, 4, 5, 6, 7, 8, 9, 10, 11, 12, 13, 14, 15, 16, 17"
3805,1734603976126,1734603977259,1133,null,"1, 3, 4, 5, 6, 7, 8, 9, 10, 11, 12, 13, 14, 15, 16, 17"
3806,1734603976128,1734603977256,1128,null,"1, 3, 4, 5, 6, 7, 8, 9, 10, 11, 12, 13, 14, 15, 16, 17"
3807,1734603976186,1734603977205,1019,null,"1, 3, 4, 5, 6, 7, 8, 9, 10, 11, 12, 13, 14, 15, 16, 17"
3808,1734603976188,1734603977275,1087,null,"1, 3, 4, 5, 6, 7, 8, 9, 10, 11, 12, 13, 14, 15, 16, 17"
3809,1734603976189,1734603977323,1134,null,"1, 3, 4, 5, 6, 7, 8, 9, 10, 11, 12, 13, 14, 15, 16, 17"
3810,1734603976290,1734603977383,1093,null,"1, 3, 4, 5, 6, 7, 8, 9, 10, 11, 12, 13, 14, 15, 16, 17"
3811,1734603976291,1734603977464,1173,null,"1, 3, 4, 5, 6, 7, 8, 9, 10, 11, 12, 13, 14, 15, 16, 17"
3812,1734603976352,1734603977197,845,null,"1, 3, 4, 5, 6, 7, 8, 9, 10, 11, 12, 13, 14, 15, 16, 17"
3813,1734603976354,1734603977464,1110,null,"1, 3, 4, 5, 6, 7, 8, 9, 10, 11, 12, 13, 14, 15, 16, 17"
3814,1734603976429,1734603977705,1276,null,"1, 3, 4, 5, 6, 7, 8, 9, 10, 11, 12, 13, 14, 15, 16, 17"
3815,1734603976457,1734603977705,1248,null,"1, 3, 4, 5, 6, 7, 8, 9, 10, 11, 12, 13, 14, 15, 16, 17"
3816,1734603976516,1734603977855,1339,null,"1, 3, 4, 5, 6, 7, 8, 9, 10, 11, 12, 13, 14, 15, 16, 17"
3817,1734603976529,1734603977536,1007,null,"1, 3, 4, 5, 6, 7, 8, 9, 10, 11, 12, 13, 14, 15, 16, 17"
3818,1734603976530,1734603977714,1184,null,"1, 3, 4, 5, 6, 7, 8, 9, 10, 11, 12, 13, 14, 15, 16, 17"
3819,1734603976566,1734603977465,899,null,"1, 3, 4, 5, 6, 7, 8, 9, 10, 11, 12, 13, 14, 15, 16, 17"
3820,1734603976567,1734603977516,949,null,"1, 3, 4, 5, 6, 7, 8, 9, 10, 11, 12, 13, 14, 15, 16, 17"
3821,1734603976569,1734603977705,1136,null,"1, 3, 4, 5, 6, 7, 8, 9, 10, 11, 12, 13, 14, 15, 16, 17"
3822,1734603976633,1734603977855,1222,null,"1, 3, 4, 5, 6, 7, 8, 9, 10, 11, 12, 13, 14, 15, 16, 17"
3823,1734603976635,1734603977705,1070,null,"1, 3, 4, 5, 6, 7, 8, 9, 10, 11, 12, 13, 14, 15, 16, 17"
3824,1734603976636,1734603977705,1069,null,"1, 3, 4, 5, 6, 7, 8, 9, 10, 11, 12, 13, 14, 15, 16, 17"
3825,1734603976696,1734603977768,1072,null,"1, 3, 4, 5, 6, 7, 8, 9, 10, 11, 12, 13, 14, 15, 16, 17"
3826,1734603976697,1734603977705,1008,null,"1, 3, 4, 5, 6, 7, 8, 9, 10, 11, 12, 13, 14, 15, 16, 17"
3827,1734603976699,1734603977705,1006,null,"1, 3, 4, 5, 6, 7, 8, 9, 10, 11, 12, 13, 14, 15, 16, 17"
3828,1734603976795,1734603977855,1060,null,"1, 3, 4, 5, 6, 7, 8, 9, 10, 11, 12, 13, 14, 15, 16, 17"
3829,1734603976796,1734603977891,1095,null,"1, 3, 4, 5, 6, 7, 8, 9, 10, 11, 12, 13, 14, 15, 16, 17"
3830,1734603976858,1734603978018,1160,null,"1, 3, 4, 5, 6, 7, 8, 9, 10, 11, 12, 13, 14, 15, 16, 17"
3831,1734603976859,1734603977855,996,null,"1, 3, 4, 5, 6, 7, 8, 9, 10, 11, 12, 13, 14, 15, 16, 17"
3832,1734603976861,1734603977907,1046,null,"1, 3, 4, 5, 6, 7, 8, 9, 10, 11, 12, 13, 14, 15, 16, 17"
3833,1734603976921,1734603977855,934,null,"1, 3, 4, 5, 6, 7, 8, 9, 10, 11, 12, 13, 14, 15, 16, 17"
3834,1734603976922,1734603978028,1106,null,"1, 3, 4, 5, 6, 7, 8, 9, 10, 11, 12, 13, 14, 15, 16, 17"
3835,1734603976986,1734603977883,897,null,"1, 3, 4, 5, 6, 7, 8, 9, 10, 11, 12, 13, 14, 15, 16, 17"
3836,1734603976994,1734603978018,1024,null,"1, 3, 4, 5, 6, 7, 8, 9, 10, 11, 12, 13, 14, 15, 16, 17"
3837,1734603976995,1734603978098,1103,null,"1, 3, 4, 5, 6, 7, 8, 9, 10, 11, 12, 13, 14, 15, 16, 17"
3838,1734603976996,1734603978028,1032,null,"1, 3, 4, 5, 6, 7, 8, 9, 10, 11, 12, 13, 14, 15, 16, 17"
3839,1734603977019,1734603978152,1133,null,"1, 3, 4, 5, 6, 7, 8, 9, 10, 11, 12, 13, 14, 15, 16, 17"
3840,1734603977020,1734603978018,998,null,"1, 3, 4, 5, 6, 7, 8, 9, 10, 11, 12, 13, 14, 15, 16, 17"
3841,1734603977021,1734603978327,1306,null,"1, 3, 4, 5, 6, 7, 8, 9, 10, 11, 12, 13, 14, 15, 16, 17"
3842,1734603977181,1734603977855,674,null,"1, 3, 4, 5, 6, 7, 8, 9, 10, 11, 12, 13, 14, 15, 16, 17"
3843,1734603977186,1734603978388,1202,null,"1, 3, 4, 5, 6, 7, 8, 9, 10, 11, 12, 13, 14, 15, 16, 17"
3844,1734603977187,1734603978152,965,null,"1, 3, 4, 5, 6, 7, 8, 9, 10, 11, 12, 13, 14, 15, 16, 17"
3845,1734603977236,1734603978442,1206,null,"1, 3, 4, 5, 6, 7, 8, 9, 10, 11, 12, 13, 14, 15, 16, 17"
3846,1734603977296,1734603978228,932,null,"1, 3, 4, 5, 6, 7, 8, 9, 10, 11, 12, 13, 14, 15, 16, 17"
3847,1734603977297,1734603978441,1144,null,"1, 3, 4, 5, 6, 7, 8, 9, 10, 11, 12, 13, 14, 15, 16, 17"
3848,1734603977299,1734603978326,1027,null,"1, 3, 4, 5, 6, 7, 8, 9, 10, 11, 12, 13, 14, 15, 16, 17"
3849,1734603977383,1734603978442,1059,null,"1, 3, 4, 5, 6, 7, 8, 9, 10, 11, 12, 13, 14, 15, 16, 17"
3850,1734603977384,1734603978677,1293,null,"1, 3, 4, 5, 6, 7, 8, 9, 10, 11, 12, 13, 14, 15, 16, 17"
3851,1734603977385,1734603978611,1226,null,"1, 3, 4, 5, 6, 7, 8, 9, 10, 11, 12, 13, 14, 15, 16, 17"
3852,1734603977467,1734603978600,1133,null,"1, 3, 4, 5, 6, 7, 8, 9, 10, 11, 12, 13, 14, 15, 16, 17"
3853,1734603977472,1734603978580,1108,null,"1, 3, 4, 5, 6, 7, 8, 9, 10, 11, 12, 13, 14, 15, 16, 17"
3854,1734603977505,1734603978441,936,null,"1, 3, 4, 5, 6, 7, 8, 9, 10, 11, 12, 13, 14, 15, 16, 17"
3855,1734603977507,1734603978442,935,null,"1, 3, 4, 5, 6, 7, 8, 9, 10, 11, 12, 13, 14, 15, 16, 17"
3856,1734603977544,1734603978442,898,null,"1, 3, 4, 5, 6, 7, 8, 9, 10, 11, 12, 13, 14, 15, 16, 17"
3857,1734603977546,1734603978441,895,null,"1, 3, 4, 5, 6, 7, 8, 9, 10, 11, 12, 13, 14, 15, 16, 17"
3858,1734603977547,1734603978771,1224,null,"1, 3, 4, 5, 6, 7, 8, 9, 10, 11, 12, 13, 14, 15, 16, 17"
3859,1734603977597,1734603978792,1195,null,"1, 3, 4, 5, 6, 7, 8, 9, 10, 11, 12, 13, 14, 15, 16, 17"
3860,1734603977598,1734603978663,1065,null,"1, 3, 4, 5, 6, 7, 8, 9, 10, 11, 12, 13, 14, 15, 16, 17"
3861,1734603977600,1734603978580,980,null,"1, 3, 4, 5, 6, 7, 8, 9, 10, 11, 12, 13, 14, 15, 16, 17"
3862,1734603977663,1734603978441,778,null,"1, 3, 4, 5, 6, 7, 8, 9, 10, 11, 12, 13, 14, 15, 16, 17"
3863,1734603977668,1734603978580,912,null,"1, 3, 4, 5, 6, 7, 8, 9, 10, 11, 12, 13, 14, 15, 16, 17"
3864,1734603977669,1734603978580,911,null,"1, 3, 4, 5, 6, 7, 8, 9, 10, 11, 12, 13, 14, 15, 16, 17"
3865,1734603977729,1734603978800,1071,null,"1, 3, 4, 5, 6, 7, 8, 9, 10, 11, 12, 13, 14, 15, 16, 17"
3866,1734603977743,1734603978709,966,null,"1, 3, 4, 5, 6, 7, 8, 9, 10, 11, 12, 13, 14, 15, 16, 17"
3867,1734603977808,1734603978842,1034,null,"1, 3, 4, 5, 6, 7, 8, 9, 10, 11, 12, 13, 14, 15, 16, 17"
3868,1734603977872,1734603979148,1276,null,"1, 3, 4, 5, 6, 7, 8, 9, 10, 11, 12, 13, 14, 15, 16, 17"
3869,1734603977874,1734603979110,1236,null,"1, 3, 4, 5, 6, 7, 8, 9, 10, 11, 12, 13, 14, 15, 16, 17"
3870,1734603977953,1734603978961,1008,null,"1, 3, 4, 5, 6, 7, 8, 9, 10, 11, 12, 13, 14, 15, 16, 17"
3871,1734603977954,1734603978937,983,null,"1, 3, 4, 5, 6, 7, 8, 9, 10, 11, 12, 13, 14, 15, 16, 17"
3872,1734603977955,1734603979250,1295,null,"1, 3, 4, 5, 6, 7, 8, 9, 10, 11, 12, 13, 14, 15, 16, 17"
3873,1734603977957,1734603979220,1263,null,"1, 3, 4, 5, 6, 7, 8, 9, 10, 11, 12, 13, 14, 15, 16, 17"
3874,1734603978033,1734603979116,1083,null,"1, 3, 4, 5, 6, 7, 8, 9, 10, 11, 12, 13, 14, 15, 16, 17"
3875,1734603978034,1734603979089,1055,null,"1, 3, 4, 5, 6, 7, 8, 9, 10, 11, 12, 13, 14, 15, 16, 17"
3876,1734603978119,1734603979301,1182,null,"1, 3, 4, 5, 6, 7, 8, 9, 10, 11, 12, 13, 14, 15, 16, 17"
3877,1734603978169,1734603979052,883,null,"1, 3, 4, 5, 6, 7, 8, 9, 10, 11, 12, 13, 14, 15, 16, 17"
3878,1734603978178,1734603979143,965,null,"1, 3, 4, 5, 6, 7, 8, 9, 10, 11, 12, 13, 14, 15, 16, 17"
3879,1734603978224,1734603979110,886,null,"1, 3, 4, 5, 6, 7, 8, 9, 10, 11, 12, 13, 14, 15, 16, 17"
3880,1734603978258,1734603979375,1117,null,"1, 3, 4, 5, 6, 7, 8, 9, 10, 11, 12, 13, 14, 15, 16, 17"
3881,1734603978263,1734603979316,1053,null,"1, 3, 4, 5, 6, 7, 8, 9, 10, 11, 12, 13, 14, 15, 16, 17"
3882,1734603978305,1734603979349,1044,null,"1, 3, 4, 5, 6, 7, 8, 9, 10, 11, 12, 13, 14, 15, 16, 17"
3883,1734603978314,1734603979462,1148,null,"1, 3, 4, 5, 6, 7, 8, 9, 10, 11, 12, 13, 14, 15, 16, 17"
3884,1734603978358,1734603979432,1074,null,"1, 3, 4, 5, 6, 7, 8, 9, 10, 11, 12, 13, 14, 15, 16, 17"
3885,1734603978359,1734603979432,1073,null,"1, 3, 4, 5, 6, 7, 8, 9, 10, 11, 12, 13, 14, 15, 16, 17"
3886,1734603978360,1734603979481,1121,null,"1, 3, 4, 5, 6, 7, 8, 9, 10, 11, 12, 13, 14, 15, 16, 17"
3887,1734603978408,1734603979513,1105,null,"1, 3, 4, 5, 6, 7, 8, 9, 10, 11, 12, 13, 14, 15, 16, 17"
3888,1734603978535,1734603979710,1175,null,"1, 3, 4, 5, 6, 7, 8, 9, 10, 11, 12, 13, 14, 15, 16, 17"
3889,1734603978536,1734603979603,1067,null,"1, 3, 4, 5, 6, 7, 8, 9, 10, 11, 12, 13, 14, 15, 16, 17"
3890,1734603978538,1734603979845,1307,null,"1, 3, 4, 5, 6, 7, 8, 9, 10, 11, 12, 13, 14, 15, 16, 17"
3891,1734603978611,1734603979710,1099,null,"1, 3, 4, 5, 6, 7, 8, 9, 10, 11, 12, 13, 14, 15, 16, 17"
3892,1734603978612,1734603979828,1216,null,"1, 3, 4, 5, 6, 7, 8, 9, 10, 11, 12, 13, 14, 15, 16, 17"
3893,1734603978707,1734603979757,1050,null,"1, 3, 4, 5, 6, 7, 8, 9, 10, 11, 12, 13, 14, 15, 16, 17"
3894,1734603978708,1734603979901,1193,null,"1, 3, 4, 5, 6, 7, 8, 9, 10, 11, 12, 13, 14, 15, 16, 17"
3895,1734603978709,1734603979710,1001,null,"1, 3, 4, 5, 6, 7, 8, 9, 10, 11, 12, 13, 14, 15, 16, 17"
3896,1734603978792,1734603979710,918,null,"1, 3, 4, 5, 6, 7, 8, 9, 10, 11, 12, 13, 14, 15, 16, 17"
3897,1734603978799,1734603979901,1102,null,"1, 3, 4, 5, 6, 7, 8, 9, 10, 11, 12, 13, 14, 15, 16, 17"
3898,1734603978829,1734603979710,881,null,"1, 3, 4, 5, 6, 7, 8, 9, 10, 11, 12, 13, 14, 15, 16, 17"
3899,1734603978830,1734603979613,783,null,"1, 3, 4, 5, 6, 7, 8, 9, 10, 11, 12, 13, 14, 15, 16, 17"
3900,1734603978831,1734603979737,906,null,"1, 3, 4, 5, 6, 7, 8, 9, 10, 11, 12, 13, 14, 15, 16, 17"
3901,1734603978874,1734603979836,962,null,"1, 3, 4, 5, 6, 7, 8, 9, 10, 11, 12, 13, 14, 15, 16, 17"
3902,1734603978875,1734603979828,953,null,"1, 3, 4, 5, 6, 7, 8, 9, 10, 11, 12, 13, 14, 15, 16, 17"
3903,1734603978927,1734603980097,1170,null,"1, 3, 4, 5, 6, 7, 8, 9, 10, 11, 12, 13, 14, 15, 16, 17"
3904,1734603978929,1734603979994,1065,null,"1, 3, 4, 5, 6, 7, 8, 9, 10, 11, 12, 13, 14, 15, 16, 17"
3905,1734603978930,1734603979998,1068,null,"1, 3, 4, 5, 6, 7, 8, 9, 10, 11, 12, 13, 14, 15, 16, 17"
3906,1734603978979,1734603980206,1227,null,"1, 3, 4, 5, 6, 7, 8, 9, 10, 11, 12, 13, 14, 15, 16, 17"
3907,1734603978980,1734603980097,1117,null,"1, 3, 4, 5, 6, 7, 8, 9, 10, 11, 12, 13, 14, 15, 16, 17"
3908,1734603978997,1734603980097,1100,null,"1, 3, 4, 5, 6, 7, 8, 9, 10, 11, 12, 13, 14, 15, 16, 17"
3909,1734603978998,1734603980442,1444,null,"1, 3, 4, 5, 6, 7, 8, 9, 10, 11, 12, 13, 14, 15, 16, 17"
3910,1734603979035,1734603980370,1335,null,"1, 3, 4, 5, 6, 7, 8, 9, 10, 11, 12, 13, 14, 15, 16, 17"
3911,1734603979049,1734603979998,949,null,"1, 3, 4, 5, 6, 7, 8, 9, 10, 11, 12, 13, 14, 15, 16, 17"
3912,1734603979050,1734603980216,1166,null,"1, 3, 4, 5, 6, 7, 8, 9, 10, 11, 12, 13, 14, 15, 16, 17"
3913,1734603979111,1734603980206,1095,null,"1, 3, 4, 5, 6, 7, 8, 9, 10, 11, 12, 13, 14, 15, 16, 17"
3914,1734603979112,1734603979901,789,null,"1, 3, 4, 5, 6, 7, 8, 9, 10, 11, 12, 13, 14, 15, 16, 17"
3915,1734603979170,1734603980203,1033,null,"1, 3, 4, 5, 6, 7, 8, 9, 10, 11, 12, 13, 14, 15, 16, 17"
3916,1734603979181,1734603980097,916,null,"1, 3, 4, 5, 6, 7, 8, 9, 10, 11, 12, 13, 14, 15, 16, 17"
3917,1734603979182,1734603980423,1241,null,"1, 3, 4, 5, 6, 7, 8, 9, 10, 11, 12, 13, 14, 15, 16, 17"
3918,1734603979227,1734603980234,1007,null,"1, 3, 4, 5, 6, 7, 8, 9, 10, 11, 12, 13, 14, 15, 16, 17"
3919,1734603979229,1734603980299,1070,null,"1, 3, 4, 5, 6, 7, 8, 9, 10, 11, 12, 13, 14, 15, 16, 17"
3920,1734603979291,1734603980413,1122,null,"1, 3, 4, 5, 6, 7, 8, 9, 10, 11, 12, 13, 14, 15, 16, 17"
3921,1734603979336,1734603980226,890,null,"1, 3, 4, 5, 6, 7, 8, 9, 10, 11, 12, 13, 14, 15, 16, 17"
3922,1734603979337,1734603980206,869,null,"1, 3, 4, 5, 6, 7, 8, 9, 10, 11, 12, 13, 14, 15, 16, 17"
3923,1734603979339,1734603980219,880,null,"1, 3, 4, 5, 6, 7, 8, 9, 10, 11, 12, 13, 14, 15, 16, 17"
3924,1734603979411,1734603980424,1013,null,"1, 3, 4, 5, 6, 7, 8, 9, 10, 11, 12, 13, 14, 15, 16, 17"
3925,1734603979427,1734603980370,943,null,"1, 3, 4, 5, 6, 7, 8, 9, 10, 11, 12, 13, 14, 15, 16, 17"
3926,1734603979428,1734603980578,1150,null,"1, 3, 4, 5, 6, 7, 8, 9, 10, 11, 12, 13, 14, 15, 16, 17"
3927,1734603979430,1734603980591,1161,null,"1, 3, 4, 5, 6, 7, 8, 9, 10, 11, 12, 13, 14, 15, 16, 17"
3928,1734603979506,1734603980786,1280,null,"1, 3, 4, 5, 6, 7, 8, 9, 10, 11, 12, 13, 14, 15, 16, 17"
3929,1734603979567,1734603980887,1320,null,"1, 3, 4, 5, 6, 7, 8, 9, 10, 11, 12, 13, 14, 15, 16, 17"
3930,1734603979580,1734603980602,1022,null,"1, 3, 4, 5, 6, 7, 8, 9, 10, 11, 12, 13, 14, 15, 16, 17"
3931,1734603979581,1734603980677,1096,null,"1, 3, 4, 5, 6, 7, 8, 9, 10, 11, 12, 13, 14, 15, 16, 17"
3932,1734603979646,1734603980788,1142,null,"1, 3, 4, 5, 6, 7, 8, 9, 10, 11, 12, 13, 14, 15, 16, 17"
3933,1734603979648,1734603980677,1029,null,"1, 3, 4, 5, 6, 7, 8, 9, 10, 11, 12, 13, 14, 15, 16, 17"
3934,1734603979649,1734603980677,1028,null,"1, 3, 4, 5, 6, 7, 8, 9, 10, 11, 12, 13, 14, 15, 16, 17"
3935,1734603979710,1734603980715,1005,null,"1, 3, 4, 5, 6, 7, 8, 9, 10, 11, 12, 13, 14, 15, 16, 17"
3936,1734603979711,1734603980680,969,null,"1, 3, 4, 5, 6, 7, 8, 9, 10, 11, 12, 13, 14, 15, 16, 17"
3937,1734603979713,1734603980786,1073,null,"1, 3, 4, 5, 6, 7, 8, 9, 10, 11, 12, 13, 14, 15, 16, 17"
3938,1734603979783,1734603980786,1003,null,"1, 3, 4, 5, 6, 7, 8, 9, 10, 11, 12, 13, 14, 15, 16, 17"
3939,1734603979852,1734603981065,1213,null,"1, 3, 4, 5, 6, 7, 8, 9, 10, 11, 12, 13, 14, 15, 16, 17"
3940,1734603979853,1734603981042,1189,null,"1, 3, 4, 5, 6, 7, 8, 9, 10, 11, 12, 13, 14, 15, 16, 17"
3941,1734603979902,1734603981043,1141,null,"1, 3, 4, 5, 6, 7, 8, 9, 10, 11, 12, 13, 14, 15, 16, 17"
3942,1734603979959,1734603981065,1106,null,"1, 3, 4, 5, 6, 7, 8, 9, 10, 11, 12, 13, 14, 15, 16, 17"
3943,1734603979960,1734603981042,1082,null,"1, 3, 4, 5, 6, 7, 8, 9, 10, 11, 12, 13, 14, 15, 16, 17"
3944,1734603979961,1734603980972,1011,null,"1, 3, 4, 5, 6, 7, 8, 9, 10, 11, 12, 13, 14, 15, 16, 17"
3945,1734603980027,1734603981042,1015,null,"1, 3, 4, 5, 6, 7, 8, 9, 10, 11, 12, 13, 14, 15, 16, 17"
3946,1734603980028,1734603981043,1015,null,"1, 3, 4, 5, 6, 7, 8, 9, 10, 11, 12, 13, 14, 15, 16, 17"
3947,1734603980029,1734603981043,1014,null,"1, 3, 4, 5, 6, 7, 8, 9, 10, 11, 12, 13, 14, 15, 16, 17"
3948,1734603980084,1734603981042,958,null,"1, 3, 4, 5, 6, 7, 8, 9, 10, 11, 12, 13, 14, 15, 16, 17"
3949,1734603980085,1734603980786,701,null,"1, 3, 4, 5, 6, 7, 8, 9, 10, 11, 12, 13, 14, 15, 16, 17"
3950,1734603980086,1734603981042,956,null,"1, 3, 4, 5, 6, 7, 8, 9, 10, 11, 12, 13, 14, 15, 16, 17"
3951,1734603980159,1734603981043,884,null,"1, 3, 4, 5, 6, 7, 8, 9, 10, 11, 12, 13, 14, 15, 16, 17"
3952,1734603980224,1734603981043,819,null,"1, 3, 4, 5, 6, 7, 8, 9, 10, 11, 12, 13, 14, 15, 16, 17"
3953,1734603980298,1734603981764,1466,null,"1, 3, 4, 5, 6, 7, 8, 9, 10, 11, 12, 13, 14, 15, 16, 17"
3954,1734603980299,1734603981138,839,null,"1, 3, 4, 5, 6, 7, 8, 9, 10, 11, 12, 13, 14, 15, 16, 17"
3955,1734603980300,1734603981042,742,null,"1, 3, 4, 5, 6, 7, 8, 9, 10, 11, 12, 13, 14, 15, 16, 17"
3956,1734603980356,1734603981510,1154,null,"1, 3, 4, 5, 6, 7, 8, 9, 10, 11, 12, 13, 14, 15, 16, 17"
3957,1734603980357,1734603981042,685,null,"1, 3, 4, 5, 6, 7, 8, 9, 10, 11, 12, 13, 14, 15, 16, 17"
3958,1734603980369,1734603981654,1285,null,"1, 3, 4, 5, 6, 7, 8, 9, 10, 11, 12, 13, 14, 15, 16, 17"
3959,1734603980416,1734603981358,942,null,"1, 3, 4, 5, 6, 7, 8, 9, 10, 11, 12, 13, 14, 15, 16, 17"
3960,1734603980421,1734603981202,781,null,"1, 3, 4, 5, 6, 7, 8, 9, 10, 11, 12, 13, 14, 15, 16, 17"
3961,1734603980422,1734603981209,787,null,"1, 3, 4, 5, 6, 7, 8, 9, 10, 11, 12, 13, 14, 15, 16, 17"
3962,1734603980470,1734603981568,1098,null,"1, 3, 4, 5, 6, 7, 8, 9, 10, 11, 12, 13, 14, 15, 16, 17"
3963,1734603980471,1734603981043,572,null,"1, 3, 4, 5, 6, 7, 8, 9, 10, 11, 12, 13, 14, 15, 16, 17"
3964,1734603980473,1734603981734,1261,null,"1, 3, 4, 5, 6, 7, 8, 9, 10, 11, 12, 13, 14, 15, 16, 17"
3965,1734603980536,1734603981505,969,null,"1, 3, 4, 5, 6, 7, 8, 9, 10, 11, 12, 13, 14, 15, 16, 17"
3966,1734603980544,1734603981505,961,null,"1, 3, 4, 5, 6, 7, 8, 9, 10, 11, 12, 13, 14, 15, 16, 17"
3967,1734603980546,1734603981595,1049,null,"1, 3, 4, 5, 6, 7, 8, 9, 10, 11, 12, 13, 14, 15, 16, 17"
3968,1734603980651,1734603981361,710,null,"1, 3, 4, 5, 6, 7, 8, 9, 10, 11, 12, 13, 14, 15, 16, 17"
3969,1734603980652,1734603981734,1082,null,"1, 3, 4, 5, 6, 7, 8, 9, 10, 11, 12, 13, 14, 15, 16, 17"
3970,1734603980709,1734603981626,917,null,"1, 3, 4, 5, 6, 7, 8, 9, 10, 11, 12, 13, 14, 15, 16, 17"
3971,1734603980710,1734603981224,514,null,"1, 3, 4, 5, 6, 7, 8, 9, 10, 11, 12, 13, 14, 15, 16, 17"
3972,1734603980777,1734603981568,791,null,"1, 3, 4, 5, 6, 7, 8, 9, 10, 11, 12, 13, 14, 15, 16, 17"
3973,1734603980786,1734603981591,805,null,"1, 3, 4, 5, 6, 7, 8, 9, 10, 11, 12, 13, 14, 15, 16, 17"
3974,1734603980787,1734603981740,953,null,"1, 3, 4, 5, 6, 7, 8, 9, 10, 11, 12, 13, 14, 15, 16, 17"
3975,1734603980848,1734603981734,886,null,"1, 3, 4, 5, 6, 7, 8, 9, 10, 11, 12, 13, 14, 15, 16, 17"
3976,1734603980849,1734603982007,1158,null,"1, 3, 4, 5, 6, 7, 8, 9, 10, 11, 12, 13, 14, 15, 16, 17"
3977,1734603980851,1734603981568,717,null,"1, 3, 4, 5, 6, 7, 8, 9, 10, 11, 12, 13, 14, 15, 16, 17"
3978,1734603980932,1734603982320,1388,null,"1, 3, 4, 5, 6, 7, 8, 9, 10, 11, 12, 13, 14, 15, 16, 17"
3979,1734603981004,1734603982006,1002,null,"1, 3, 4, 5, 6, 7, 8, 9, 10, 11, 12, 13, 14, 15, 16, 17"
3980,1734603981010,1734603982011,1001,null,"1, 3, 4, 5, 6, 7, 8, 9, 10, 11, 12, 13, 14, 15, 16, 17"
3981,1734603981042,1734603982007,965,null,"1, 3, 4, 5, 6, 7, 8, 9, 10, 11, 12, 13, 14, 15, 16, 17"
3982,1734603981043,1734603982007,964,null,"1, 3, 4, 5, 6, 7, 8, 9, 10, 11, 12, 13, 14, 15, 16, 17"
3983,1734603981045,1734603982274,1229,null,"1, 3, 4, 5, 6, 7, 8, 9, 10, 11, 12, 13, 14, 15, 16, 17"
3984,1734603981100,1734603982055,955,null,"1, 3, 4, 5, 6, 7, 8, 9, 10, 11, 12, 13, 14, 15, 16, 17"
3985,1734603981101,1734603982323,1222,null,"1, 3, 4, 5, 6, 7, 8, 9, 10, 11, 12, 13, 14, 15, 16, 17"
3986,1734603981102,1734603982126,1024,null,"1, 3, 4, 5, 6, 7, 8, 9, 10, 11, 12, 13, 14, 15, 16, 17"
3987,1734603981157,1734603982480,1323,null,"1, 3, 4, 5, 6, 7, 8, 9, 10, 11, 12, 13, 14, 15, 16, 17"
3988,1734603981158,1734603982024,866,null,"1, 3, 4, 5, 6, 7, 8, 9, 10, 11, 12, 13, 14, 15, 16, 17"
3989,1734603981210,1734603982062,852,null,"1, 3, 4, 5, 6, 7, 8, 9, 10, 11, 12, 13, 14, 15, 16, 17"
3990,1734603981283,1734603982274,991,null,"1, 3, 4, 5, 6, 7, 8, 9, 10, 11, 12, 13, 14, 15, 16, 17"
3991,1734603981284,1734603982047,763,null,"1, 3, 4, 5, 6, 7, 8, 9, 10, 11, 12, 13, 14, 15, 16, 17"
3992,1734603981325,1734603982359,1034,null,"1, 3, 4, 5, 6, 7, 8, 9, 10, 11, 12, 13, 14, 15, 16, 17"
3993,1734603981327,1734603982480,1153,null,"1, 3, 4, 5, 6, 7, 8, 9, 10, 11, 12, 13, 14, 15, 16, 17"
3994,1734603981388,1734603982305,917,null,"1, 3, 4, 5, 6, 7, 8, 9, 10, 11, 12, 13, 14, 15, 16, 17"
3995,1734603981389,1734603982274,885,null,"1, 3, 4, 5, 6, 7, 8, 9, 10, 11, 12, 13, 14, 15, 16, 17"
3996,1734603981390,1734603982277,887,null,"1, 3, 4, 5, 6, 7, 8, 9, 10, 11, 12, 13, 14, 15, 16, 17"
3997,1734603981392,1734603982673,1281,null,"1, 3, 4, 5, 6, 7, 8, 9, 10, 11, 12, 13, 14, 15, 16, 17"
3998,1734603981471,1734603982328,857,null,"1, 3, 4, 5, 6, 7, 8, 9, 10, 11, 12, 13, 14, 15, 16, 17"
3999,1734603981546,1734603982922,1376,null,"1, 3, 4, 5, 6, 7, 8, 9, 10, 11, 12, 13, 14, 15, 16, 17"
4000,1734603981548,1734603983041,1493,null,"1, 3, 4, 5, 6, 7, 8, 9, 10, 11, 12, 13, 14, 15, 16, 17"
4001,1734603981549,1734603982718,1169,null,"1, 3, 4, 5, 6, 7, 8, 9, 10, 11, 12, 13, 14, 15, 16, 17"
4002,1734603981601,1734603982480,879,null,"1, 3, 4, 5, 6, 7, 8, 9, 10, 11, 12, 13, 14, 15, 16, 17"
4003,1734603981602,1734603982274,672,null,"1, 3, 4, 5, 6, 7, 8, 9, 10, 11, 12, 13, 14, 15, 16, 17"
4004,1734603981603,1734603982818,1215,null,"1, 3, 4, 5, 6, 7, 8, 9, 10, 11, 12, 13, 14, 15, 16, 17"
4005,1734603981650,1734603983196,1546,null,"1, 3, 4, 5, 6, 7, 8, 9, 10, 11, 12, 13, 14, 15, 16, 17"
4006,1734603981652,1734603982673,1021,null,"1, 3, 4, 5, 6, 7, 8, 9, 10, 11, 12, 13, 14, 15, 16, 17"
4007,1734603981653,1734603982538,885,null,"1, 3, 4, 5, 6, 7, 8, 9, 10, 11, 12, 13, 14, 15, 16, 17"
4008,1734603981732,1734603982946,1214,null,"1, 3, 4, 5, 6, 7, 8, 9, 10, 11, 12, 13, 14, 15, 16, 17"
4009,1734603981733,1734603982804,1071,null,"1, 3, 4, 5, 6, 7, 8, 9, 10, 11, 12, 13, 14, 15, 16, 17"
4010,1734603981735,1734603982436,701,null,"1, 3, 4, 5, 6, 7, 8, 9, 10, 11, 12, 13, 14, 15, 16, 17"
4011,1734603981771,1734603983048,1277,null,"1, 3, 4, 5, 6, 7, 8, 9, 10, 11, 12, 13, 14, 15, 16, 17"
4012,1734603981772,1734603982687,915,null,"1, 3, 4, 5, 6, 7, 8, 9, 10, 11, 12, 13, 14, 15, 16, 17"
4013,1734603981826,1734603982922,1096,null,"1, 3, 4, 5, 6, 7, 8, 9, 10, 11, 12, 13, 14, 15, 16, 17"
4014,1734603981827,1734603982804,977,null,"1, 3, 4, 5, 6, 7, 8, 9, 10, 11, 12, 13, 14, 15, 16, 17"
4015,1734603981902,1734603982804,902,null,"1, 3, 4, 5, 6, 7, 8, 9, 10, 11, 12, 13, 14, 15, 16, 17"
4016,1734603981903,1734603983200,1297,null,"1, 3, 4, 5, 6, 7, 8, 9, 10, 11, 12, 13, 14, 15, 16, 17"
4017,1734603981905,1734603983261,1356,null,"1, 3, 4, 5, 6, 7, 8, 9, 10, 11, 12, 13, 14, 15, 16, 17"
4018,1734603982006,1734603982938,932,null,"1, 3, 4, 5, 6, 7, 8, 9, 10, 11, 12, 13, 14, 15, 16, 17"
4019,1734603982038,1734603983200,1162,null,"1, 3, 4, 5, 6, 7, 8, 9, 10, 11, 12, 13, 14, 15, 16, 17"
4020,1734603982039,1734603983402,1363,null,"1, 3, 4, 5, 6, 7, 8, 9, 10, 11, 12, 13, 14, 15, 16, 17"
4021,1734603982153,1734603983406,1253,null,"1, 3, 4, 5, 6, 7, 8, 9, 10, 11, 12, 13, 14, 15, 16, 17"
4022,1734603982154,1734603983022,868,null,"1, 3, 4, 5, 6, 7, 8, 9, 10, 11, 12, 13, 14, 15, 16, 17"
4023,1734603982216,1734603983400,1184,null,"1, 3, 4, 5, 6, 7, 8, 9, 10, 11, 12, 13, 14, 15, 16, 17"
4024,1734603982226,1734603983678,1452,null,"1, 3, 4, 5, 6, 7, 8, 9, 10, 11, 12, 13, 14, 15, 16, 17"
4025,1734603982246,1734603983402,1156,null,"1, 3, 4, 5, 6, 7, 8, 9, 10, 11, 12, 13, 14, 15, 16, 17"
4026,1734603982251,1734603983400,1149,null,"1, 3, 4, 5, 6, 7, 8, 9, 10, 11, 12, 13, 14, 15, 16, 17"
4027,1734603982252,1734603983406,1154,null,"1, 3, 4, 5, 6, 7, 8, 9, 10, 11, 12, 13, 14, 15, 16, 17"
4028,1734603982299,1734603983872,1573,null,"1, 3, 4, 5, 6, 7, 8, 9, 10, 11, 12, 13, 14, 15, 16, 17"
4029,1734603982300,1734603983406,1106,null,"1, 3, 4, 5, 6, 7, 8, 9, 10, 11, 12, 13, 14, 15, 16, 17"
4030,1734603982301,1734603983690,1389,null,"1, 3, 4, 5, 6, 7, 8, 9, 10, 11, 12, 13, 14, 15, 16, 17"
4031,1734603982419,1734603983406,987,null,"1, 3, 4, 5, 6, 7, 8, 9, 10, 11, 12, 13, 14, 15, 16, 17"
4032,1734603982421,1734603983401,980,null,"1, 3, 4, 5, 6, 7, 8, 9, 10, 11, 12, 13, 14, 15, 16, 17"
4033,1734603982422,1734603983406,984,null,"1, 3, 4, 5, 6, 7, 8, 9, 10, 11, 12, 13, 14, 15, 16, 17"
4034,1734603982506,1734603983690,1184,null,"1, 3, 4, 5, 6, 7, 8, 9, 10, 11, 12, 13, 14, 15, 16, 17"
4035,1734603982538,1734603984241,1703,null,"1, 3, 4, 5, 6, 7, 8, 9, 10, 11, 12, 13, 14, 15, 16, 17"
4036,1734603982540,1734603983678,1138,null,"1, 3, 4, 5, 6, 7, 8, 9, 10, 11, 12, 13, 14, 15, 16, 17"
4037,1734603982552,1734603983814,1262,null,"1, 3, 4, 5, 6, 7, 8, 9, 10, 11, 12, 13, 14, 15, 16, 17"
4038,1734603982579,1734603983977,1398,null,"1, 3, 4, 5, 6, 7, 8, 9, 10, 11, 12, 13, 14, 15, 16, 17"
4039,1734603982581,1734603984083,1502,null,"1, 3, 4, 5, 6, 7, 8, 9, 10, 11, 12, 13, 14, 15, 16, 17"
4040,1734603982596,1734603983407,811,null,"1, 3, 4, 5, 6, 7, 8, 9, 10, 11, 12, 13, 14, 15, 16, 17"
4041,1734603982597,1734603983451,854,null,"1, 3, 4, 5, 6, 7, 8, 9, 10, 11, 12, 13, 14, 15, 16, 17"
4042,1734603982625,1734603983707,1082,null,"1, 3, 4, 5, 6, 7, 8, 9, 10, 11, 12, 13, 14, 15, 16, 17"
4043,1734603982627,1734603983518,891,null,"1, 3, 4, 5, 6, 7, 8, 9, 10, 11, 12, 13, 14, 15, 16, 17"
4044,1734603982628,1734603983704,1076,null,"1, 3, 4, 5, 6, 7, 8, 9, 10, 11, 12, 13, 14, 15, 16, 17"
4045,1734603982694,1734603983690,996,null,"1, 3, 4, 5, 6, 7, 8, 9, 10, 11, 12, 13, 14, 15, 16, 17"
4046,1734603982695,1734603983707,1012,null,"1, 3, 4, 5, 6, 7, 8, 9, 10, 11, 12, 13, 14, 15, 16, 17"
4047,1734603982696,1734603984083,1387,null,"1, 3, 4, 5, 6, 7, 8, 9, 10, 11, 12, 13, 14, 15, 16, 17"
4048,1734603982766,1734603983904,1138,null,"1, 3, 4, 5, 6, 7, 8, 9, 10, 11, 12, 13, 14, 15, 16, 17"
4049,1734603982771,1734603984083,1312,null,"1, 3, 4, 5, 6, 7, 8, 9, 10, 11, 12, 13, 14, 15, 16, 17"
4050,1734603982772,1734603983690,918,null,"1, 3, 4, 5, 6, 7, 8, 9, 10, 11, 12, 13, 14, 15, 16, 17"
4051,1734603982827,1734603984001,1174,null,"1, 3, 4, 5, 6, 7, 8, 9, 10, 11, 12, 13, 14, 15, 16, 17"
4052,1734603982831,1734603983678,847,null,"1, 3, 4, 5, 6, 7, 8, 9, 10, 11, 12, 13, 14, 15, 16, 17"
4053,1734603982842,1734603983936,1094,null,"1, 3, 4, 5, 6, 7, 8, 9, 10, 11, 12, 13, 14, 15, 16, 17"
4054,1734603982883,1734603984083,1200,null,"1, 3, 4, 5, 6, 7, 8, 9, 10, 11, 12, 13, 14, 15, 16, 17"
4055,1734603982884,1734603984186,1302,null,"1, 3, 4, 5, 6, 7, 8, 9, 10, 11, 12, 13, 14, 15, 16, 17"
4056,1734603982924,1734603983678,754,null,"1, 3, 4, 5, 6, 7, 8, 9, 10, 11, 12, 13, 14, 15, 16, 17"
4057,1734603982925,1734603984186,1261,null,"1, 3, 4, 5, 6, 7, 8, 9, 10, 11, 12, 13, 14, 15, 16, 17"
4058,1734603982926,1734603984126,1200,null,"1, 3, 4, 5, 6, 7, 8, 9, 10, 11, 12, 13, 14, 15, 16, 17"
4059,1734603982986,1734603984432,1446,null,"1, 3, 4, 5, 6, 7, 8, 9, 10, 11, 12, 13, 14, 15, 16, 17"
4060,1734603982987,1734603983953,966,null,"1, 3, 4, 5, 6, 7, 8, 9, 10, 11, 12, 13, 14, 15, 16, 17"
4061,1734603982989,1734603984365,1376,null,"1, 3, 4, 5, 6, 7, 8, 9, 10, 11, 12, 13, 14, 15, 16, 17"
4062,1734603983059,1734603984432,1373,null,"1, 3, 4, 5, 6, 7, 8, 9, 10, 11, 12, 13, 14, 15, 16, 17"
4063,1734603983060,1734603984432,1372,null,"1, 3, 4, 5, 6, 7, 8, 9, 10, 11, 12, 13, 14, 15, 16, 17"
4064,1734603983062,1734603984569,1507,null,"1, 3, 4, 5, 6, 7, 8, 9, 10, 11, 12, 13, 14, 15, 16, 17"
4065,1734603983140,1734603984432,1292,null,"1, 3, 4, 5, 6, 7, 8, 9, 10, 11, 12, 13, 14, 15, 16, 17"
4066,1734603983141,1734603984432,1291,null,"1, 3, 4, 5, 6, 7, 8, 9, 10, 11, 12, 13, 14, 15, 16, 17"
4067,1734603983142,1734603984233,1091,null,"1, 3, 4, 5, 6, 7, 8, 9, 10, 11, 12, 13, 14, 15, 16, 17"
4068,1734603983156,1734603983953,797,null,"1, 3, 4, 5, 6, 7, 8, 9, 10, 11, 12, 13, 14, 15, 16, 17"
4069,1734603983158,1734603984554,1396,null,"1, 3, 4, 5, 6, 7, 8, 9, 10, 11, 12, 13, 14, 15, 16, 17"
4070,1734603983213,1734603984440,1227,null,"1, 3, 4, 5, 6, 7, 8, 9, 10, 11, 12, 13, 14, 15, 16, 17"
4071,1734603983214,1734603984188,974,null,"1, 3, 4, 5, 6, 7, 8, 9, 10, 11, 12, 13, 14, 15, 16, 17"
4072,1734603983294,1734603984317,1023,null,"1, 3, 4, 5, 6, 7, 8, 9, 10, 11, 12, 13, 14, 15, 16, 17"
4073,1734603983308,1734603984733,1425,null,"1, 3, 4, 5, 6, 7, 8, 9, 10, 11, 12, 13, 14, 15, 16, 17"
4074,1734603983313,1734603984731,1418,null,"1, 3, 4, 5, 6, 7, 8, 9, 10, 11, 12, 13, 14, 15, 16, 17"
4075,1734603983356,1734603984432,1076,null,"1, 3, 4, 5, 6, 7, 8, 9, 10, 11, 12, 13, 14, 15, 16, 17"
4076,1734603983396,1734603984917,1521,null,"1, 3, 4, 5, 6, 7, 8, 9, 10, 11, 12, 13, 14, 15, 16, 17"
4077,1734603983401,1734603984554,1153,null,"1, 3, 4, 5, 6, 7, 8, 9, 10, 11, 12, 13, 14, 15, 16, 17"
4078,1734603983402,1734603984599,1197,null,"1, 3, 4, 5, 6, 7, 8, 9, 10, 11, 12, 13, 14, 15, 16, 17"
4079,1734603983510,1734603984712,1202,null,"1, 3, 4, 5, 6, 7, 8, 9, 10, 11, 12, 13, 14, 15, 16, 17"
4080,1734603983511,1734603984555,1044,null,"1, 3, 4, 5, 6, 7, 8, 9, 10, 11, 12, 13, 14, 15, 16, 17"
4081,1734603983513,1734603984576,1063,null,"1, 3, 4, 5, 6, 7, 8, 9, 10, 11, 12, 13, 14, 15, 16, 17"
4082,1734603983615,1734603984945,1330,null,"1, 3, 4, 5, 6, 7, 8, 9, 10, 11, 12, 13, 14, 15, 16, 17"
4083,1734603983616,1734603984942,1326,null,"1, 3, 4, 5, 6, 7, 8, 9, 10, 11, 12, 13, 14, 15, 16, 17"
4084,1734603983735,1734603985189,1454,null,"1, 3, 4, 5, 6, 7, 8, 9, 10, 11, 12, 13, 14, 15, 16, 17"
4085,1734603983736,1734603984971,1235,null,"1, 3, 4, 5, 6, 7, 8, 9, 10, 11, 12, 13, 14, 15, 16, 17"
4086,1734603983738,1734603984832,1094,null,"1, 3, 4, 5, 6, 7, 8, 9, 10, 11, 12, 13, 14, 15, 16, 17"
4087,1734603983817,1734603984832,1015,null,"1, 3, 4, 5, 6, 7, 8, 9, 10, 11, 12, 13, 14, 15, 16, 17"
4088,1734603983818,1734603984832,1014,null,"1, 3, 4, 5, 6, 7, 8, 9, 10, 11, 12, 13, 14, 15, 16, 17"
4089,1734603983888,1734603984906,1018,null,"1, 3, 4, 5, 6, 7, 8, 9, 10, 11, 12, 13, 14, 15, 16, 17"
4090,1734603983889,1734603985097,1208,null,"1, 3, 4, 5, 6, 7, 8, 9, 10, 11, 12, 13, 14, 15, 16, 17"
4091,1734603983891,1734603985334,1443,null,"1, 3, 4, 5, 6, 7, 8, 9, 10, 11, 12, 13, 14, 15, 16, 17"
4092,1734603983993,1734603984980,987,null,"1, 3, 4, 5, 6, 7, 8, 9, 10, 11, 12, 13, 14, 15, 16, 17"
4093,1734603983994,1734603985027,1033,null,"1, 3, 4, 5, 6, 7, 8, 9, 10, 11, 12, 13, 14, 15, 16, 17"
4094,1734603984009,1734603984832,823,null,"1, 3, 4, 5, 6, 7, 8, 9, 10, 11, 12, 13, 14, 15, 16, 17"
4095,1734603984040,1734603985180,1140,null,"1, 3, 4, 5, 6, 7, 8, 9, 10, 11, 12, 13, 14, 15, 16, 17"
4096,1734603984118,1734603985155,1037,null,"1, 3, 4, 5, 6, 7, 8, 9, 10, 11, 12, 13, 14, 15, 16, 17"
4097,1734603984120,1734603985300,1180,null,"1, 3, 4, 5, 6, 7, 8, 9, 10, 11, 12, 13, 14, 15, 16, 17"
4098,1734603984183,1734603984852,669,null,"1, 3, 4, 5, 6, 7, 8, 9, 10, 11, 12, 13, 14, 15, 16, 17"
4099,1734603984184,1734603985458,1274,null,"1, 3, 4, 5, 6, 7, 8, 9, 10, 11, 12, 13, 14, 15, 16, 17"
4100,1734603984185,1734603985335,1150,null,"1, 3, 4, 5, 6, 7, 8, 9, 10, 11, 12, 13, 14, 15, 16, 17"
4101,1734603984187,1734603985216,1029,null,"1, 3, 4, 5, 6, 7, 8, 9, 10, 11, 12, 13, 14, 15, 16, 17"
4102,1734603984254,1734603985310,1056,null,"1, 3, 4, 5, 6, 7, 8, 9, 10, 11, 12, 13, 14, 15, 16, 17"
4103,1734603984255,1734603985309,1054,null,"1, 3, 4, 5, 6, 7, 8, 9, 10, 11, 12, 13, 14, 15, 16, 17"
4104,1734603984256,1734603985425,1169,null,"1, 3, 4, 5, 6, 7, 8, 9, 10, 11, 12, 13, 14, 15, 16, 17"
4105,1734603984366,1734603985216,850,null,"1, 3, 4, 5, 6, 7, 8, 9, 10, 11, 12, 13, 14, 15, 16, 17"
4106,1734603984367,1734603985300,933,null,"1, 3, 4, 5, 6, 7, 8, 9, 10, 11, 12, 13, 14, 15, 16, 17"
4107,1734603984368,1734603985300,932,null,"1, 3, 4, 5, 6, 7, 8, 9, 10, 11, 12, 13, 14, 15, 16, 17"
4108,1734603984428,1734603985031,603,null,"1, 3, 4, 5, 6, 7, 8, 9, 10, 11, 12, 13, 14, 15, 16, 17"
4109,1734603984468,1734603985300,832,null,"1, 3, 4, 5, 6, 7, 8, 9, 10, 11, 12, 13, 14, 15, 16, 17"
4110,1734603984470,1734603985719,1249,null,"1, 3, 4, 5, 6, 7, 8, 9, 10, 11, 12, 13, 14, 15, 16, 17"
4111,1734603984471,1734603985495,1024,null,"1, 3, 4, 5, 6, 7, 8, 9, 10, 11, 12, 13, 14, 15, 16, 17"
4112,1734603984588,1734603985732,1144,null,"1, 3, 4, 5, 6, 7, 8, 9, 10, 11, 12, 13, 14, 15, 16, 17"
4113,1734603984593,1734603985717,1124,null,"1, 3, 4, 5, 6, 7, 8, 9, 10, 11, 12, 13, 14, 15, 16, 17"
4114,1734603984651,1734603985750,1099,null,"1, 3, 4, 5, 6, 7, 8, 9, 10, 11, 12, 13, 14, 15, 16, 17"
4115,1734603984663,1734603985597,934,null,"1, 3, 4, 5, 6, 7, 8, 9, 10, 11, 12, 13, 14, 15, 16, 17"
4116,1734603984759,1734603985907,1148,null,"1, 3, 4, 5, 6, 7, 8, 9, 10, 11, 12, 13, 14, 15, 16, 17"
4117,1734603984767,1734603985649,882,null,"1, 3, 4, 5, 6, 7, 8, 9, 10, 11, 12, 13, 14, 15, 16, 17"
4118,1734603984825,1734603985876,1051,null,"1, 3, 4, 5, 6, 7, 8, 9, 10, 11, 12, 13, 14, 15, 16, 17"
4119,1734603984827,1734603985869,1042,null,"1, 3, 4, 5, 6, 7, 8, 9, 10, 11, 12, 13, 14, 15, 16, 17"
4120,1734603984897,1734603986083,1186,null,"1, 3, 4, 5, 6, 7, 8, 9, 10, 11, 12, 13, 14, 15, 16, 17"
4121,1734603984909,1734603985869,960,null,"1, 3, 4, 5, 6, 7, 8, 9, 10, 11, 12, 13, 14, 15, 16, 17"
4122,1734603984943,1734603985717,774,null,"1, 3, 4, 5, 6, 7, 8, 9, 10, 11, 12, 13, 14, 15, 16, 17"
4123,1734603984994,1734603985868,874,null,"1, 3, 4, 5, 6, 7, 8, 9, 10, 11, 12, 13, 14, 15, 16, 17"
4124,1734603985007,1734603986076,1069,null,"1, 3, 4, 5, 6, 7, 8, 9, 10, 11, 12, 13, 14, 15, 16, 17"
4125,1734603985008,1734603985869,861,null,"1, 3, 4, 5, 6, 7, 8, 9, 10, 11, 12, 13, 14, 15, 16, 17"
4126,1734603985029,1734603986338,1309,null,"1, 3, 4, 5, 6, 7, 8, 9, 10, 11, 12, 13, 14, 15, 16, 17"
4127,1734603985030,1734603986106,1076,null,"1, 3, 4, 5, 6, 7, 8, 9, 10, 11, 12, 13, 14, 15, 16, 17"
4128,1734603985031,1734603985719,688,null,"1, 3, 4, 5, 6, 7, 8, 9, 10, 11, 12, 13, 14, 15, 16, 17"
4129,1734603985090,1734603986082,992,null,"1, 3, 4, 5, 6, 7, 8, 9, 10, 11, 12, 13, 14, 15, 16, 17"
4130,1734603985091,1734603985900,809,null,"1, 3, 4, 5, 6, 7, 8, 9, 10, 11, 12, 13, 14, 15, 16, 17"
4131,1734603985092,1734603986101,1009,null,"1, 3, 4, 5, 6, 7, 8, 9, 10, 11, 12, 13, 14, 15, 16, 17"
4132,1734603985169,1734603986082,913,null,"1, 3, 4, 5, 6, 7, 8, 9, 10, 11, 12, 13, 14, 15, 16, 17"
4133,1734603985171,1734603986083,912,null,"1, 3, 4, 5, 6, 7, 8, 9, 10, 11, 12, 13, 14, 15, 16, 17"
4134,1734603985228,1734603986244,1016,null,"1, 3, 4, 5, 6, 7, 8, 9, 10, 11, 12, 13, 14, 15, 16, 17"
4135,1734603985237,1734603986083,846,null,"1, 3, 4, 5, 6, 7, 8, 9, 10, 11, 12, 13, 14, 15, 16, 17"
4136,1734603985239,1734603986269,1030,null,"1, 3, 4, 5, 6, 7, 8, 9, 10, 11, 12, 13, 14, 15, 16, 17"
4137,1734603985323,1734603986268,945,null,"1, 3, 4, 5, 6, 7, 8, 9, 10, 11, 12, 13, 14, 15, 16, 17"
4138,1734603985325,1734603986082,757,null,"1, 3, 4, 5, 6, 7, 8, 9, 10, 11, 12, 13, 14, 15, 16, 17"
4139,1734603985326,1734603986339,1013,null,"1, 3, 4, 5, 6, 7, 8, 9, 10, 11, 12, 13, 14, 15, 16, 17"
4140,1734603985389,1734603986082,693,null,"1, 3, 4, 5, 6, 7, 8, 9, 10, 11, 12, 13, 14, 15, 16, 17"
4141,1734603985402,1734603986445,1043,null,"1, 3, 4, 5, 6, 7, 8, 9, 10, 11, 12, 13, 14, 15, 16, 17"
4142,1734603985404,1734603986268,864,null,"1, 3, 4, 5, 6, 7, 8, 9, 10, 11, 12, 13, 14, 15, 16, 17"
4143,1734603985498,1734603986676,1178,null,"1, 3, 4, 5, 6, 7, 8, 9, 10, 11, 12, 13, 14, 15, 16, 17"
4144,1734603985499,1734603986320,821,null,"1, 3, 4, 5, 6, 7, 8, 9, 10, 11, 12, 13, 14, 15, 16, 17"
4145,1734603985537,1734603986241,704,null,"1, 3, 4, 5, 6, 7, 8, 9, 10, 11, 12, 13, 14, 15, 16, 17"
4146,1734603985538,1734603986595,1057,null,"1, 3, 4, 5, 6, 7, 8, 9, 10, 11, 12, 13, 14, 15, 16, 17"
4147,1734603985539,1734603986640,1101,null,"1, 3, 4, 5, 6, 7, 8, 9, 10, 11, 12, 13, 14, 15, 16, 17"
4148,1734603985590,1734603986624,1034,null,"1, 3, 4, 5, 6, 7, 8, 9, 10, 11, 12, 13, 14, 15, 16, 17"
4149,1734603985624,1734603986676,1052,null,"1, 3, 4, 5, 6, 7, 8, 9, 10, 11, 12, 13, 14, 15, 16, 17"
4150,1734603985625,1734603986623,998,null,"1, 3, 4, 5, 6, 7, 8, 9, 10, 11, 12, 13, 14, 15, 16, 17"
4151,1734603985626,1734603986722,1096,null,"1, 3, 4, 5, 6, 7, 8, 9, 10, 11, 12, 13, 14, 15, 16, 17"
4152,1734603985668,1734603986480,812,null,"1, 3, 4, 5, 6, 7, 8, 9, 10, 11, 12, 13, 14, 15, 16, 17"
4153,1734603985707,1734603986816,1109,null,"1, 3, 4, 5, 6, 7, 8, 9, 10, 11, 12, 13, 14, 15, 16, 17"
4154,1734603985708,1734603986500,792,null,"1, 3, 4, 5, 6, 7, 8, 9, 10, 11, 12, 13, 14, 15, 16, 17"
4155,1734603985759,1734603986578,819,null,"1, 3, 4, 5, 6, 7, 8, 9, 10, 11, 12, 13, 14, 15, 16, 17"
4156,1734603985760,1734603986676,916,null,"1, 3, 4, 5, 6, 7, 8, 9, 10, 11, 12, 13, 14, 15, 16, 17"
4157,1734603985762,1734603986623,861,null,"1, 3, 4, 5, 6, 7, 8, 9, 10, 11, 12, 13, 14, 15, 16, 17"
4158,1734603985828,1734603986623,795,null,"1, 3, 4, 5, 6, 7, 8, 9, 10, 11, 12, 13, 14, 15, 16, 17"
4159,1734603985833,1734603986899,1066,null,"1, 3, 4, 5, 6, 7, 8, 9, 10, 11, 12, 13, 14, 15, 16, 17"
4160,1734603985909,1734603986863,954,null,"1, 3, 4, 5, 6, 7, 8, 9, 10, 11, 12, 13, 14, 15, 16, 17"
4161,1734603985910,1734603986676,766,null,"1, 3, 4, 5, 6, 7, 8, 9, 10, 11, 12, 13, 14, 15, 16, 17"
4162,1734603985912,1734603986578,666,null,"1, 3, 4, 5, 6, 7, 8, 9, 10, 11, 12, 13, 14, 15, 16, 17"
4163,1734603985970,1734603987021,1051,null,"1, 3, 4, 5, 6, 7, 8, 9, 10, 11, 12, 13, 14, 15, 16, 17"
4164,1734603985971,1734603986823,852,null,"1, 3, 4, 5, 6, 7, 8, 9, 10, 11, 12, 13, 14, 15, 16, 17"
4165,1734603986047,1734603987091,1044,null,"1, 3, 4, 5, 6, 7, 8, 9, 10, 11, 12, 13, 14, 15, 16, 17"
4166,1734603986052,1734603987091,1039,null,"1, 3, 4, 5, 6, 7, 8, 9, 10, 11, 12, 13, 14, 15, 16, 17"
4167,1734603986125,1734603987253,1128,null,"1, 3, 4, 5, 6, 7, 8, 9, 10, 11, 12, 13, 14, 15, 16, 17"
4168,1734603986127,1734603987090,963,null,"1, 3, 4, 5, 6, 7, 8, 9, 10, 11, 12, 13, 14, 15, 16, 17"
4169,1734603986128,1734603986823,695,null,"1, 3, 4, 5, 6, 7, 8, 9, 10, 11, 12, 13, 14, 15, 16, 17"
4170,1734603986218,1734603987111,893,null,"1, 3, 4, 5, 6, 7, 8, 9, 10, 11, 12, 13, 14, 15, 16, 17"
4171,1734603986219,1734603986816,597,null,"1, 3, 4, 5, 6, 7, 8, 9, 10, 11, 12, 13, 14, 15, 16, 17"
4172,1734603986264,1734603987474,1210,null,"1, 3, 4, 5, 6, 7, 8, 9, 10, 11, 12, 13, 14, 15, 16, 17"
4173,1734603986265,1734603987223,958,null,"1, 3, 4, 5, 6, 7, 8, 9, 10, 11, 12, 13, 14, 15, 16, 17"
4174,1734603986267,1734603987090,823,null,"1, 3, 4, 5, 6, 7, 8, 9, 10, 11, 12, 13, 14, 15, 16, 17"
4175,1734603986268,1734603987311,1043,null,"1, 3, 4, 5, 6, 7, 8, 9, 10, 11, 12, 13, 14, 15, 16, 17"
4176,1734603986331,1734603987131,800,null,"1, 3, 4, 5, 6, 7, 8, 9, 10, 11, 12, 13, 14, 15, 16, 17"
4177,1734603986332,1734603987253,921,null,"1, 3, 4, 5, 6, 7, 8, 9, 10, 11, 12, 13, 14, 15, 16, 17"
4178,1734603986333,1734603987392,1059,null,"1, 3, 4, 5, 6, 7, 8, 9, 10, 11, 12, 13, 14, 15, 16, 17"
4179,1734603986462,1734603987257,795,null,"1, 3, 4, 5, 6, 7, 8, 9, 10, 11, 12, 13, 14, 15, 16, 17"
4180,1734603986463,1734603987483,1020,null,"1, 3, 4, 5, 6, 7, 8, 9, 10, 11, 12, 13, 14, 15, 16, 17"
4181,1734603986531,1734603987759,1228,null,"1, 3, 4, 5, 6, 7, 8, 9, 10, 11, 12, 13, 14, 15, 16, 17"
4182,1734603986630,1734603987444,814,null,"1, 3, 4, 5, 6, 7, 8, 9, 10, 11, 12, 13, 14, 15, 16, 17"
4183,1734603986631,1734603987689,1058,null,"1, 3, 4, 5, 6, 7, 8, 9, 10, 11, 12, 13, 14, 15, 16, 17"
4184,1734603986633,1734603987451,818,null,"1, 3, 4, 5, 6, 7, 8, 9, 10, 11, 12, 13, 14, 15, 16, 17"
4185,1734603986676,1734603987769,1093,null,"1, 3, 4, 5, 6, 7, 8, 9, 10, 11, 12, 13, 14, 15, 16, 17"
4186,1734603986677,1734603987923,1246,null,"1, 3, 4, 5, 6, 7, 8, 9, 10, 11, 12, 13, 14, 15, 16, 17"
4187,1734603986721,1734603987620,899,null,"1, 3, 4, 5, 6, 7, 8, 9, 10, 11, 12, 13, 14, 15, 16, 17"
4188,1734603986726,1734603987549,823,null,"1, 3, 4, 5, 6, 7, 8, 9, 10, 11, 12, 13, 14, 15, 16, 17"
4189,1734603986737,1734603987772,1035,null,"1, 3, 4, 5, 6, 7, 8, 9, 10, 11, 12, 13, 14, 15, 16, 17"
4190,1734603986852,1734603987923,1071,null,"1, 3, 4, 5, 6, 7, 8, 9, 10, 11, 12, 13, 14, 15, 16, 17"
4191,1734603986853,1734603987759,906,null,"1, 3, 4, 5, 6, 7, 8, 9, 10, 11, 12, 13, 14, 15, 16, 17"
4192,1734603986855,1734603987769,914,null,"1, 3, 4, 5, 6, 7, 8, 9, 10, 11, 12, 13, 14, 15, 16, 17"
4193,1734603986919,1734603987923,1004,null,"1, 3, 4, 5, 6, 7, 8, 9, 10, 11, 12, 13, 14, 15, 16, 17"
4194,1734603986920,1734603987759,839,null,"1, 3, 4, 5, 6, 7, 8, 9, 10, 11, 12, 13, 14, 15, 16, 17"
4195,1734603986954,1734603987635,681,null,"1, 3, 4, 5, 6, 7, 8, 9, 10, 11, 12, 13, 14, 15, 16, 17"
4196,1734603986962,1734603987759,797,null,"1, 3, 4, 5, 6, 7, 8, 9, 10, 11, 12, 13, 14, 15, 16, 17"
4197,1734603986963,1734603987923,960,null,"1, 3, 4, 5, 6, 7, 8, 9, 10, 11, 12, 13, 14, 15, 16, 17"
4198,1734603987033,1734603988088,1055,null,"1, 3, 4, 5, 6, 7, 8, 9, 10, 11, 12, 13, 14, 15, 16, 17"
4199,1734603987041,1734603988209,1168,null,"1, 3, 4, 5, 6, 7, 8, 9, 10, 11, 12, 13, 14, 15, 16, 17"
4200,1734603987083,1734603987938,855,null,"1, 3, 4, 5, 6, 7, 8, 9, 10, 11, 12, 13, 14, 15, 16, 17"
4201,1734603987092,1734603988251,1159,null,"1, 3, 4, 5, 6, 7, 8, 9, 10, 11, 12, 13, 14, 15, 16, 17"
4202,1734603987093,1734603987769,676,null,"1, 3, 4, 5, 6, 7, 8, 9, 10, 11, 12, 13, 14, 15, 16, 17"
4203,1734603987094,1734603988210,1116,null,"1, 3, 4, 5, 6, 7, 8, 9, 10, 11, 12, 13, 14, 15, 16, 17"
4204,1734603987176,1734603988067,891,null,"1, 3, 4, 5, 6, 7, 8, 9, 10, 11, 12, 13, 14, 15, 16, 17"
4205,1734603987177,1734603988099,922,null,"1, 3, 4, 5, 6, 7, 8, 9, 10, 11, 12, 13, 14, 15, 16, 17"
4206,1734603987221,1734603988241,1020,null,"1, 3, 4, 5, 6, 7, 8, 9, 10, 11, 12, 13, 14, 15, 16, 17"
4207,1734603987223,1734603988083,860,null,"1, 3, 4, 5, 6, 7, 8, 9, 10, 11, 12, 13, 14, 15, 16, 17"
4208,1734603987224,1734603988210,986,null,"1, 3, 4, 5, 6, 7, 8, 9, 10, 11, 12, 13, 14, 15, 16, 17"
4209,1734603987290,1734603987985,695,null,"1, 3, 4, 5, 6, 7, 8, 9, 10, 11, 12, 13, 14, 15, 16, 17"
4210,1734603987291,1734603988471,1180,null,"1, 3, 4, 5, 6, 7, 8, 9, 10, 11, 12, 13, 14, 15, 16, 17"
4211,1734603987293,1734603988068,775,null,"1, 3, 4, 5, 6, 7, 8, 9, 10, 11, 12, 13, 14, 15, 16, 17"
4212,1734603987359,1734603988470,1111,null,"1, 3, 4, 5, 6, 7, 8, 9, 10, 11, 12, 13, 14, 15, 16, 17"
4213,1734603987360,1734603988067,707,null,"1, 3, 4, 5, 6, 7, 8, 9, 10, 11, 12, 13, 14, 15, 16, 17"
4214,1734603987396,1734603988036,640,null,"1, 3, 4, 5, 6, 7, 8, 9, 10, 11, 12, 13, 14, 15, 16, 17"
4215,1734603987397,1734603988412,1015,null,"1, 3, 4, 5, 6, 7, 8, 9, 10, 11, 12, 13, 14, 15, 16, 17"
4216,1734603987399,1734603988583,1184,null,"1, 3, 4, 5, 6, 7, 8, 9, 10, 11, 12, 13, 14, 15, 16, 17"
4217,1734603987462,1734603988682,1220,null,"1, 3, 4, 5, 6, 7, 8, 9, 10, 11, 12, 13, 14, 15, 16, 17"
4218,1734603987463,1734603988583,1120,null,"1, 3, 4, 5, 6, 7, 8, 9, 10, 11, 12, 13, 14, 15, 16, 17"
4219,1734603987464,1734603988253,789,null,"1, 3, 4, 5, 6, 7, 8, 9, 10, 11, 12, 13, 14, 15, 16, 17"
4220,1734603987522,1734603988103,581,null,"1, 3, 4, 5, 6, 7, 8, 9, 10, 11, 12, 13, 14, 15, 16, 17"
4221,1734603987523,1734603988252,729,null,"1, 3, 4, 5, 6, 7, 8, 9, 10, 11, 12, 13, 14, 15, 16, 17"
4222,1734603987524,1734603988208,684,null,"1, 3, 4, 5, 6, 7, 8, 9, 10, 11, 12, 13, 14, 15, 16, 17"
4223,1734603987587,1734603988583,996,null,"1, 3, 4, 5, 6, 7, 8, 9, 10, 11, 12, 13, 14, 15, 16, 17"
4224,1734603987588,1734603988583,995,null,"1, 3, 4, 5, 6, 7, 8, 9, 10, 11, 12, 13, 14, 15, 16, 17"
4225,1734603987589,1734603988630,1041,null,"1, 3, 4, 5, 6, 7, 8, 9, 10, 11, 12, 13, 14, 15, 16, 17"
4226,1734603987692,1734603988876,1184,null,"1, 3, 4, 5, 6, 7, 8, 9, 10, 11, 12, 13, 14, 15, 16, 17"
4227,1734603987744,1734603988876,1132,null,"1, 3, 4, 5, 6, 7, 8, 9, 10, 11, 12, 13, 14, 15, 16, 17"
4228,1734603987745,1734603988817,1072,null,"1, 3, 4, 5, 6, 7, 8, 9, 10, 11, 12, 13, 14, 15, 16, 17"
4229,1734603987801,1734603988352,551,null,"1, 3, 4, 5, 6, 7, 8, 9, 10, 11, 12, 13, 14, 15, 16, 17"
4230,1734603987803,1734603988756,953,null,"1, 3, 4, 5, 6, 7, 8, 9, 10, 11, 12, 13, 14, 15, 16, 17"
4231,1734603987804,1734603988635,831,null,"1, 3, 4, 5, 6, 7, 8, 9, 10, 11, 12, 13, 14, 15, 16, 17"
4232,1734603987922,1734603989260,1338,null,"1, 3, 4, 5, 6, 7, 8, 9, 10, 11, 12, 13, 14, 15, 16, 17"
4233,1734603987923,1734603989042,1119,null,"1, 3, 4, 5, 6, 7, 8, 9, 10, 11, 12, 13, 14, 15, 16, 17"
4234,1734603987925,1734603989064,1139,null,"1, 3, 4, 5, 6, 7, 8, 9, 10, 11, 12, 13, 14, 15, 16, 17"
4235,1734603987961,1734603989152,1191,null,"1, 3, 4, 5, 6, 7, 8, 9, 10, 11, 12, 13, 14, 15, 16, 17"
4236,1734603987962,1734603988937,975,null,"1, 3, 4, 5, 6, 7, 8, 9, 10, 11, 12, 13, 14, 15, 16, 17"
4237,1734603988034,1734603989252,1218,null,"1, 3, 4, 5, 6, 7, 8, 9, 10, 11, 12, 13, 14, 15, 16, 17"
4238,1734603988081,1734603989042,961,null,"1, 3, 4, 5, 6, 7, 8, 9, 10, 11, 12, 13, 14, 15, 16, 17"
4239,1734603988082,1734603989064,982,null,"1, 3, 4, 5, 6, 7, 8, 9, 10, 11, 12, 13, 14, 15, 16, 17"
4240,1734603988155,1734603989226,1071,null,"1, 3, 4, 5, 6, 7, 8, 9, 10, 11, 12, 13, 14, 15, 16, 17"
4241,1734603988156,1734603989252,1096,null,"1, 3, 4, 5, 6, 7, 8, 9, 10, 11, 12, 13, 14, 15, 16, 17"
4242,1734603988215,1734603989252,1037,null,"1, 3, 4, 5, 6, 7, 8, 9, 10, 11, 12, 13, 14, 15, 16, 17"
4243,1734603988216,1734603989064,848,null,"1, 3, 4, 5, 6, 7, 8, 9, 10, 11, 12, 13, 14, 15, 16, 17"
4244,1734603988218,1734603989448,1230,null,"1, 3, 4, 5, 6, 7, 8, 9, 10, 11, 12, 13, 14, 15, 16, 17"
4245,1734603988258,1734603988930,672,null,"1, 3, 4, 5, 6, 7, 8, 9, 10, 11, 12, 13, 14, 15, 16, 17"
4246,1734603988259,1734603989064,805,null,"1, 3, 4, 5, 6, 7, 8, 9, 10, 11, 12, 13, 14, 15, 16, 17"
4247,1734603988260,1734603989252,992,null,"1, 3, 4, 5, 6, 7, 8, 9, 10, 11, 12, 13, 14, 15, 16, 17"
4248,1734603988327,1734603989604,1277,null,"1, 3, 4, 5, 6, 7, 8, 9, 10, 11, 12, 13, 14, 15, 16, 17"
4249,1734603988336,1734603989330,994,null,"1, 3, 4, 5, 6, 7, 8, 9, 10, 11, 12, 13, 14, 15, 16, 17"
4250,1734603988374,1734603989252,878,null,"1, 3, 4, 5, 6, 7, 8, 9, 10, 11, 12, 13, 14, 15, 16, 17"
4251,1734603988376,1734603989252,876,null,"1, 3, 4, 5, 6, 7, 8, 9, 10, 11, 12, 13, 14, 15, 16, 17"
4252,1734603988377,1734603989252,875,null,"1, 3, 4, 5, 6, 7, 8, 9, 10, 11, 12, 13, 14, 15, 16, 17"
4253,1734603988469,1734603989558,1089,null,"1, 3, 4, 5, 6, 7, 8, 9, 10, 11, 12, 13, 14, 15, 16, 17"
4254,1734603988470,1734603989551,1081,null,"1, 3, 4, 5, 6, 7, 8, 9, 10, 11, 12, 13, 14, 15, 16, 17"
4255,1734603988471,1734603989369,898,null,"1, 3, 4, 5, 6, 7, 8, 9, 10, 11, 12, 13, 14, 15, 16, 17"
4256,1734603988549,1734603989942,1393,null,"1, 3, 4, 5, 6, 7, 8, 9, 10, 11, 12, 13, 14, 15, 16, 17"
4257,1734603988550,1734603989740,1190,null,"1, 3, 4, 5, 6, 7, 8, 9, 10, 11, 12, 13, 14, 15, 16, 17"
4258,1734603988559,1734603989550,991,null,"1, 3, 4, 5, 6, 7, 8, 9, 10, 11, 12, 13, 14, 15, 16, 17"
4259,1734603988561,1734603989252,691,null,"1, 3, 4, 5, 6, 7, 8, 9, 10, 11, 12, 13, 14, 15, 16, 17"
4260,1734603988562,1734603989342,780,null,"1, 3, 4, 5, 6, 7, 8, 9, 10, 11, 12, 13, 14, 15, 16, 17"
4261,1734603988650,1734603989504,854,null,"1, 3, 4, 5, 6, 7, 8, 9, 10, 11, 12, 13, 14, 15, 16, 17"
4262,1734603988662,1734603989561,899,null,"1, 3, 4, 5, 6, 7, 8, 9, 10, 11, 12, 13, 14, 15, 16, 17"
4263,1734603988664,1734603989556,892,null,"1, 3, 4, 5, 6, 7, 8, 9, 10, 11, 12, 13, 14, 15, 16, 17"
4264,1734603988715,1734603989534,819,null,"1, 3, 4, 5, 6, 7, 8, 9, 10, 11, 12, 13, 14, 15, 16, 17"
4265,1734603988716,1734603989846,1130,null,"1, 3, 4, 5, 6, 7, 8, 9, 10, 11, 12, 13, 14, 15, 16, 17"
4266,1734603988718,1734603989859,1141,null,"1, 3, 4, 5, 6, 7, 8, 9, 10, 11, 12, 13, 14, 15, 16, 17"
4267,1734603988776,1734603989534,758,null,"1, 3, 4, 5, 6, 7, 8, 9, 10, 11, 12, 13, 14, 15, 16, 17"
4268,1734603988777,1734603989741,964,null,"1, 3, 4, 5, 6, 7, 8, 9, 10, 11, 12, 13, 14, 15, 16, 17"
4269,1734603988779,1734603989801,1022,null,"1, 3, 4, 5, 6, 7, 8, 9, 10, 11, 12, 13, 14, 15, 16, 17"
4270,1734603988832,1734603989759,927,null,"1, 3, 4, 5, 6, 7, 8, 9, 10, 11, 12, 13, 14, 15, 16, 17"
4271,1734603988833,1734603989846,1013,null,"1, 3, 4, 5, 6, 7, 8, 9, 10, 11, 12, 13, 14, 15, 16, 17"
4272,1734603988835,1734603989985,1150,null,"1, 3, 4, 5, 6, 7, 8, 9, 10, 11, 12, 13, 14, 15, 16, 17"
4273,1734603988918,1734603989846,928,null,"1, 3, 4, 5, 6, 7, 8, 9, 10, 11, 12, 13, 14, 15, 16, 17"
4274,1734603988920,1734603990064,1144,null,"1, 3, 4, 5, 6, 7, 8, 9, 10, 11, 12, 13, 14, 15, 16, 17"
4275,1734603988929,1734603989895,966,null,"1, 3, 4, 5, 6, 7, 8, 9, 10, 11, 12, 13, 14, 15, 16, 17"
4276,1734603989069,1734603990109,1040,null,"1, 3, 4, 5, 6, 7, 8, 9, 10, 11, 12, 13, 14, 15, 16, 17"
4277,1734603989070,1734603990176,1106,null,"1, 3, 4, 5, 6, 7, 8, 9, 10, 11, 12, 13, 14, 15, 16, 17"
4278,1734603989134,1734603990378,1244,null,"1, 3, 4, 5, 6, 7, 8, 9, 10, 11, 12, 13, 14, 15, 16, 17"
4279,1734603989135,1734603990162,1027,null,"1, 3, 4, 5, 6, 7, 8, 9, 10, 11, 12, 13, 14, 15, 16, 17"
4280,1734603989137,1734603990387,1250,null,"1, 3, 4, 5, 6, 7, 8, 9, 10, 11, 12, 13, 14, 15, 16, 17"
4281,1734603989138,1734603990517,1379,null,"1, 3, 4, 5, 6, 7, 8, 9, 10, 11, 12, 13, 14, 15, 16, 17"
4282,1734603989208,1734603990274,1066,null,"1, 3, 4, 5, 6, 7, 8, 9, 10, 11, 12, 13, 14, 15, 16, 17"
4283,1734603989209,1734603989995,786,null,"1, 3, 4, 5, 6, 7, 8, 9, 10, 11, 12, 13, 14, 15, 16, 17"
4284,1734603989211,1734603990517,1306,null,"1, 3, 4, 5, 6, 7, 8, 9, 10, 11, 12, 13, 14, 15, 16, 17"
4285,1734603989243,1734603990162,919,null,"1, 3, 4, 5, 6, 7, 8, 9, 10, 11, 12, 13, 14, 15, 16, 17"
4286,1734603989244,1734603990481,1237,null,"1, 3, 4, 5, 6, 7, 8, 9, 10, 11, 12, 13, 14, 15, 16, 17"
4287,1734603989323,1734603990340,1017,null,"1, 3, 4, 5, 6, 7, 8, 9, 10, 11, 12, 13, 14, 15, 16, 17"
4288,1734603989325,1734603990350,1025,null,"1, 3, 4, 5, 6, 7, 8, 9, 10, 11, 12, 13, 14, 15, 16, 17"
4289,1734603989326,1734603990517,1191,null,"1, 3, 4, 5, 6, 7, 8, 9, 10, 11, 12, 13, 14, 15, 16, 17"
4290,1734603989453,1734603990517,1064,null,"1, 3, 4, 5, 6, 7, 8, 9, 10, 11, 12, 13, 14, 15, 16, 17"
4291,1734603989454,1734603990637,1183,null,"1, 3, 4, 5, 6, 7, 8, 9, 10, 11, 12, 13, 14, 15, 16, 17"
4292,1734603989544,1734603990731,1187,null,"1, 3, 4, 5, 6, 7, 8, 9, 10, 11, 12, 13, 14, 15, 16, 17"
4293,1734603989545,1734603990880,1335,null,"1, 3, 4, 5, 6, 7, 8, 9, 10, 11, 12, 13, 14, 15, 16, 17"
4294,1734603989546,1734603990704,1158,null,"1, 3, 4, 5, 6, 7, 8, 9, 10, 11, 12, 13, 14, 15, 16, 17"
4295,1734603989618,1734603990618,1000,null,"1, 3, 4, 5, 6, 7, 8, 9, 10, 11, 12, 13, 14, 15, 16, 17"
4296,1734603989619,1734603990880,1261,null,"1, 3, 4, 5, 6, 7, 8, 9, 10, 11, 12, 13, 14, 15, 16, 17"
4297,1734603989620,1734603990517,897,null,"1, 3, 4, 5, 6, 7, 8, 9, 10, 11, 12, 13, 14, 15, 16, 17"
4298,1734603989707,1734603990618,911,null,"1, 3, 4, 5, 6, 7, 8, 9, 10, 11, 12, 13, 14, 15, 16, 17"
4299,1734603989709,1734603990707,998,null,"1, 3, 4, 5, 6, 7, 8, 9, 10, 11, 12, 13, 14, 15, 16, 17"
4300,1734603989710,1734603990880,1170,null,"1, 3, 4, 5, 6, 7, 8, 9, 10, 11, 12, 13, 14, 15, 16, 17"
4301,1734603989809,1734603990880,1071,null,"1, 3, 4, 5, 6, 7, 8, 9, 10, 11, 12, 13, 14, 15, 16, 17"
4302,1734603989810,1734603990880,1070,null,"1, 3, 4, 5, 6, 7, 8, 9, 10, 11, 12, 13, 14, 15, 16, 17"
4303,1734603989811,1734603991288,1477,null,"1, 3, 4, 5, 6, 7, 8, 9, 10, 11, 12, 13, 14, 15, 16, 17"
4304,1734603989873,1734603990883,1010,null,"1, 3, 4, 5, 6, 7, 8, 9, 10, 11, 12, 13, 14, 15, 16, 17"
4305,1734603989891,1734603991184,1293,null,"1, 3, 4, 5, 6, 7, 8, 9, 10, 11, 12, 13, 14, 15, 16, 17"
4306,1734603989959,1734603990880,921,null,"1, 3, 4, 5, 6, 7, 8, 9, 10, 11, 12, 13, 14, 15, 16, 17"
4307,1734603989960,1734603990881,921,null,"1, 3, 4, 5, 6, 7, 8, 9, 10, 11, 12, 13, 14, 15, 16, 17"
4308,1734603990026,1734603990880,854,null,"1, 3, 4, 5, 6, 7, 8, 9, 10, 11, 12, 13, 14, 15, 16, 17"
4309,1734603990028,1734603990953,925,null,"1, 3, 4, 5, 6, 7, 8, 9, 10, 11, 12, 13, 14, 15, 16, 17"
4310,1734603990064,1734603991463,1399,null,"1, 3, 4, 5, 6, 7, 8, 9, 10, 11, 12, 13, 14, 15, 16, 17"
4311,1734603990065,1734603990881,816,null,"1, 3, 4, 5, 6, 7, 8, 9, 10, 11, 12, 13, 14, 15, 16, 17"
4312,1734603990105,1734603990955,850,null,"1, 3, 4, 5, 6, 7, 8, 9, 10, 11, 12, 13, 14, 15, 16, 17"
4313,1734603990107,1734603991184,1077,null,"1, 3, 4, 5, 6, 7, 8, 9, 10, 11, 12, 13, 14, 15, 16, 17"
4314,1734603990148,1734603991184,1036,null,"1, 3, 4, 5, 6, 7, 8, 9, 10, 11, 12, 13, 14, 15, 16, 17"
4315,1734603990149,1734603991654,1505,null,"1, 3, 4, 5, 6, 7, 8, 9, 10, 11, 12, 13, 14, 15, 16, 17"
4316,1734603990173,1734603991463,1290,null,"1, 3, 4, 5, 6, 7, 8, 9, 10, 11, 12, 13, 14, 15, 16, 17"
4317,1734603990174,1734603991288,1114,null,"1, 3, 4, 5, 6, 7, 8, 9, 10, 11, 12, 13, 14, 15, 16, 17"
4318,1734603990176,1734603991358,1182,null,"1, 3, 4, 5, 6, 7, 8, 9, 10, 11, 12, 13, 14, 15, 16, 17"
4319,1734603990219,1734603991032,813,null,"1, 3, 4, 5, 6, 7, 8, 9, 10, 11, 12, 13, 14, 15, 16, 17"
4320,1734603990220,1734603991288,1068,null,"1, 3, 4, 5, 6, 7, 8, 9, 10, 11, 12, 13, 14, 15, 16, 17"
4321,1734603990221,1734603991206,985,null,"1, 3, 4, 5, 6, 7, 8, 9, 10, 11, 12, 13, 14, 15, 16, 17"
4322,1734603990298,1734603991304,1006,null,"1, 3, 4, 5, 6, 7, 8, 9, 10, 11, 12, 13, 14, 15, 16, 17"
4323,1734603990304,1734603991381,1077,null,"1, 3, 4, 5, 6, 7, 8, 9, 10, 11, 12, 13, 14, 15, 16, 17"
4324,1734603990305,1734603991299,994,null,"1, 3, 4, 5, 6, 7, 8, 9, 10, 11, 12, 13, 14, 15, 16, 17"
4325,1734603990397,1734603991655,1258,null,"1, 3, 4, 5, 6, 7, 8, 9, 10, 11, 12, 13, 14, 15, 16, 17"
4326,1734603990399,1734603991192,793,null,"1, 3, 4, 5, 6, 7, 8, 9, 10, 11, 12, 13, 14, 15, 16, 17"
4327,1734603990400,1734603991563,1163,null,"1, 3, 4, 5, 6, 7, 8, 9, 10, 11, 12, 13, 14, 15, 16, 17"
4328,1734603990413,1734603991463,1050,null,"1, 3, 4, 5, 6, 7, 8, 9, 10, 11, 12, 13, 14, 15, 16, 17"
4329,1734603990449,1734603991894,1445,null,"1, 3, 4, 5, 6, 7, 8, 9, 10, 11, 12, 13, 14, 15, 16, 17"
4330,1734603990474,1734603991654,1180,null,"1, 3, 4, 5, 6, 7, 8, 9, 10, 11, 12, 13, 14, 15, 16, 17"
4331,1734603990475,1734603991463,988,null,"1, 3, 4, 5, 6, 7, 8, 9, 10, 11, 12, 13, 14, 15, 16, 17"
4332,1734603990477,1734603991193,716,null,"1, 3, 4, 5, 6, 7, 8, 9, 10, 11, 12, 13, 14, 15, 16, 17"
4333,1734603990567,1734603991654,1087,null,"1, 3, 4, 5, 6, 7, 8, 9, 10, 11, 12, 13, 14, 15, 16, 17"
4334,1734603990568,1734603991654,1086,null,"1, 3, 4, 5, 6, 7, 8, 9, 10, 11, 12, 13, 14, 15, 16, 17"
4335,1734603990644,1734603991288,644,null,"1, 3, 4, 5, 6, 7, 8, 9, 10, 11, 12, 13, 14, 15, 16, 17"
4336,1734603990645,1734603991895,1250,null,"1, 3, 4, 5, 6, 7, 8, 9, 10, 11, 12, 13, 14, 15, 16, 17"
4337,1734603990647,1734603991688,1041,null,"1, 3, 4, 5, 6, 7, 8, 9, 10, 11, 12, 13, 14, 15, 16, 17"
4338,1734603990731,1734603991902,1171,null,"1, 3, 4, 5, 6, 7, 8, 9, 10, 11, 12, 13, 14, 15, 16, 17"
4339,1734603990733,1734603991670,937,null,"1, 3, 4, 5, 6, 7, 8, 9, 10, 11, 12, 13, 14, 15, 16, 17"
4340,1734603990795,1734603991903,1108,null,"1, 3, 4, 5, 6, 7, 8, 9, 10, 11, 12, 13, 14, 15, 16, 17"
4341,1734603990853,1734603992080,1227,null,"1, 3, 4, 5, 6, 7, 8, 9, 10, 11, 12, 13, 14, 15, 16, 17"
4342,1734603990854,1734603991915,1061,null,"1, 3, 4, 5, 6, 7, 8, 9, 10, 11, 12, 13, 14, 15, 16, 17"
4343,1734603990905,1734603992015,1110,null,"1, 3, 4, 5, 6, 7, 8, 9, 10, 11, 12, 13, 14, 15, 16, 17"
4344,1734603990906,1734603992340,1434,null,"1, 3, 4, 5, 6, 7, 8, 9, 10, 11, 12, 13, 14, 15, 16, 17"
4345,1734603990908,1734603991895,987,null,"1, 3, 4, 5, 6, 7, 8, 9, 10, 11, 12, 13, 14, 15, 16, 17"
4346,1734603990965,1734603992241,1276,null,"1, 3, 4, 5, 6, 7, 8, 9, 10, 11, 12, 13, 14, 15, 16, 17"
4347,1734603990966,1734603992068,1102,null,"1, 3, 4, 5, 6, 7, 8, 9, 10, 11, 12, 13, 14, 15, 16, 17"
4348,1734603990967,1734603991903,936,null,"1, 3, 4, 5, 6, 7, 8, 9, 10, 11, 12, 13, 14, 15, 16, 17"
4349,1734603991040,1734603991902,862,null,"1, 3, 4, 5, 6, 7, 8, 9, 10, 11, 12, 13, 14, 15, 16, 17"
4350,1734603991045,1734603991903,858,null,"1, 3, 4, 5, 6, 7, 8, 9, 10, 11, 12, 13, 14, 15, 16, 17"
4351,1734603991115,1734603992021,906,null,"1, 3, 4, 5, 6, 7, 8, 9, 10, 11, 12, 13, 14, 15, 16, 17"
4352,1734603991116,1734603992136,1020,null,"1, 3, 4, 5, 6, 7, 8, 9, 10, 11, 12, 13, 14, 15, 16, 17"
4353,1734603991118,1734603992238,1120,null,"1, 3, 4, 5, 6, 7, 8, 9, 10, 11, 12, 13, 14, 15, 16, 17"
4354,1734603991181,1734603991902,721,null,"1, 3, 4, 5, 6, 7, 8, 9, 10, 11, 12, 13, 14, 15, 16, 17"
4355,1734603991189,1734603991902,713,null,"1, 3, 4, 5, 6, 7, 8, 9, 10, 11, 12, 13, 14, 15, 16, 17"
4356,1734603991190,1734603992032,842,null,"1, 3, 4, 5, 6, 7, 8, 9, 10, 11, 12, 13, 14, 15, 16, 17"
4357,1734603991258,1734603992006,748,null,"1, 3, 4, 5, 6, 7, 8, 9, 10, 11, 12, 13, 14, 15, 16, 17"
4358,1734603991267,1734603991957,690,null,"1, 3, 4, 5, 6, 7, 8, 9, 10, 11, 12, 13, 14, 15, 16, 17"
4359,1734603991352,1734603992347,995,null,"1, 3, 4, 5, 6, 7, 8, 9, 10, 11, 12, 13, 14, 15, 16, 17"
4360,1734603991365,1734603992526,1161,null,"1, 3, 4, 5, 6, 7, 8, 9, 10, 11, 12, 13, 14, 15, 16, 17"
4361,1734603991420,1734603992132,712,null,"1, 3, 4, 5, 6, 7, 8, 9, 10, 11, 12, 13, 14, 15, 16, 17"
4362,1734603991422,1734603992591,1169,null,"1, 3, 4, 5, 6, 7, 8, 9, 10, 11, 12, 13, 14, 15, 16, 17"
4363,1734603991423,1734603992451,1028,null,"1, 3, 4, 5, 6, 7, 8, 9, 10, 11, 12, 13, 14, 15, 16, 17"
4364,1734603991461,1734603992340,879,null,"1, 3, 4, 5, 6, 7, 8, 9, 10, 11, 12, 13, 14, 15, 16, 17"
4365,1734603991495,1734603992857,1362,null,"1, 3, 4, 5, 6, 7, 8, 9, 10, 11, 12, 13, 14, 15, 16, 17"
4366,1734603991496,1734603992346,850,null,"1, 3, 4, 5, 6, 7, 8, 9, 10, 11, 12, 13, 14, 15, 16, 17"
4367,1734603991497,1734603992482,985,null,"1, 3, 4, 5, 6, 7, 8, 9, 10, 11, 12, 13, 14, 15, 16, 17"
4368,1734603991598,1734603992396,798,null,"1, 3, 4, 5, 6, 7, 8, 9, 10, 11, 12, 13, 14, 15, 16, 17"
4369,1734603991603,1734603992631,1028,null,"1, 3, 4, 5, 6, 7, 8, 9, 10, 11, 12, 13, 14, 15, 16, 17"
4370,1734603991642,1734603992673,1031,null,"1, 3, 4, 5, 6, 7, 8, 9, 10, 11, 12, 13, 14, 15, 16, 17"
4371,1734603991643,1734603992581,938,null,"1, 3, 4, 5, 6, 7, 8, 9, 10, 11, 12, 13, 14, 15, 16, 17"
4372,1734603991644,1734603992631,987,null,"1, 3, 4, 5, 6, 7, 8, 9, 10, 11, 12, 13, 14, 15, 16, 17"
4373,1734603991691,1734603992994,1303,null,"1, 3, 4, 5, 6, 7, 8, 9, 10, 11, 12, 13, 14, 15, 16, 17"
4374,1734603991692,1734603992667,975,null,"1, 3, 4, 5, 6, 7, 8, 9, 10, 11, 12, 13, 14, 15, 16, 17"
4375,1734603991739,1734603992760,1021,null,"1, 3, 4, 5, 6, 7, 8, 9, 10, 11, 12, 13, 14, 15, 16, 17"
4376,1734603991740,1734603992857,1117,null,"1, 3, 4, 5, 6, 7, 8, 9, 10, 11, 12, 13, 14, 15, 16, 17"
4377,1734603991742,1734603993002,1260,null,"1, 3, 4, 5, 6, 7, 8, 9, 10, 11, 12, 13, 14, 15, 16, 17"
4378,1734603991841,1734603993133,1292,null,"1, 3, 4, 5, 6, 7, 8, 9, 10, 11, 12, 13, 14, 15, 16, 17"
4379,1734603991915,1734603993133,1218,null,"1, 3, 4, 5, 6, 7, 8, 9, 10, 11, 12, 13, 14, 15, 16, 17"
4380,1734603991945,1734603993133,1188,null,"1, 3, 4, 5, 6, 7, 8, 9, 10, 11, 12, 13, 14, 15, 16, 17"
4381,1734603991946,1734603993133,1187,null,"1, 3, 4, 5, 6, 7, 8, 9, 10, 11, 12, 13, 14, 15, 16, 17"
4382,1734603991948,1734603992857,909,null,"1, 3, 4, 5, 6, 7, 8, 9, 10, 11, 12, 13, 14, 15, 16, 17"
4383,1734603991949,1734603992889,940,null,"1, 3, 4, 5, 6, 7, 8, 9, 10, 11, 12, 13, 14, 15, 16, 17"
4384,1734603992083,1734603993326,1243,null,"1, 3, 4, 5, 6, 7, 8, 9, 10, 11, 12, 13, 14, 15, 16, 17"
4385,1734603992084,1734603992857,773,null,"1, 3, 4, 5, 6, 7, 8, 9, 10, 11, 12, 13, 14, 15, 16, 17"
4386,1734603992086,1734603992994,908,null,"1, 3, 4, 5, 6, 7, 8, 9, 10, 11, 12, 13, 14, 15, 16, 17"
4387,1734603992198,1734603993372,1174,null,"1, 3, 4, 5, 6, 7, 8, 9, 10, 11, 12, 13, 14, 15, 16, 17"
4388,1734603992199,1734603993132,933,null,"1, 3, 4, 5, 6, 7, 8, 9, 10, 11, 12, 13, 14, 15, 16, 17"
4389,1734603992200,1734603993133,933,null,"1, 3, 4, 5, 6, 7, 8, 9, 10, 11, 12, 13, 14, 15, 16, 17"
4390,1734603992273,1734603993133,860,null,"1, 3, 4, 5, 6, 7, 8, 9, 10, 11, 12, 13, 14, 15, 16, 17"
4391,1734603992274,1734603993161,887,null,"1, 3, 4, 5, 6, 7, 8, 9, 10, 11, 12, 13, 14, 15, 16, 17"
4392,1734603992275,1734603993327,1052,null,"1, 3, 4, 5, 6, 7, 8, 9, 10, 11, 12, 13, 14, 15, 16, 17"
4393,1734603992338,1734603993353,1015,null,"1, 3, 4, 5, 6, 7, 8, 9, 10, 11, 12, 13, 14, 15, 16, 17"
4394,1734603992340,1734603993198,858,null,"1, 3, 4, 5, 6, 7, 8, 9, 10, 11, 12, 13, 14, 15, 16, 17"
4395,1734603992396,1734603993169,773,null,"1, 3, 4, 5, 6, 7, 8, 9, 10, 11, 12, 13, 14, 15, 16, 17"
4396,1734603992422,1734603993513,1091,null,"1, 3, 4, 5, 6, 7, 8, 9, 10, 11, 12, 13, 14, 15, 16, 17"
4397,1734603992452,1734603993513,1061,null,"1, 3, 4, 5, 6, 7, 8, 9, 10, 11, 12, 13, 14, 15, 16, 17"
4398,1734603992453,1734603993577,1124,null,"1, 3, 4, 5, 6, 7, 8, 9, 10, 11, 12, 13, 14, 15, 16, 17"
4399,1734603992531,1734603993718,1187,null,"1, 3, 4, 5, 6, 7, 8, 9, 10, 11, 12, 13, 14, 15, 16, 17"
4400,1734603992534,1734603993721,1187,null,"1, 3, 4, 5, 6, 7, 8, 9, 10, 11, 12, 13, 14, 15, 16, 17"
4401,1734603992535,1734603993502,967,null,"1, 3, 4, 5, 6, 7, 8, 9, 10, 11, 12, 13, 14, 15, 16, 17"
4402,1734603992606,1734603993718,1112,null,"1, 3, 4, 5, 6, 7, 8, 9, 10, 11, 12, 13, 14, 15, 16, 17"
4403,1734603992608,1734603993721,1113,null,"1, 3, 4, 5, 6, 7, 8, 9, 10, 11, 12, 13, 14, 15, 16, 17"
4404,1734603992663,1734603993576,913,null,"1, 3, 4, 5, 6, 7, 8, 9, 10, 11, 12, 13, 14, 15, 16, 17"
4405,1734603992675,1734603993722,1047,null,"1, 3, 4, 5, 6, 7, 8, 9, 10, 11, 12, 13, 14, 15, 16, 17"
4406,1734603992676,1734603993721,1045,null,"1, 3, 4, 5, 6, 7, 8, 9, 10, 11, 12, 13, 14, 15, 16, 17"
4407,1734603992710,1734603993576,866,null,"1, 3, 4, 5, 6, 7, 8, 9, 10, 11, 12, 13, 14, 15, 16, 17"
4408,1734603992711,1734603993839,1128,null,"1, 3, 4, 5, 6, 7, 8, 9, 10, 11, 12, 13, 14, 15, 16, 17"
4409,1734603992712,1734603994001,1289,null,"1, 3, 4, 5, 6, 7, 8, 9, 10, 11, 12, 13, 14, 15, 16, 17"
4410,1734603992768,1734603994031,1263,null,"1, 3, 4, 5, 6, 7, 8, 9, 10, 11, 12, 13, 14, 15, 16, 17"
4411,1734603992769,1734603993820,1051,null,"1, 3, 4, 5, 6, 7, 8, 9, 10, 11, 12, 13, 14, 15, 16, 17"
4412,1734603992777,1734603993721,944,null,"1, 3, 4, 5, 6, 7, 8, 9, 10, 11, 12, 13, 14, 15, 16, 17"
4413,1734603992827,1734603993874,1047,null,"1, 3, 4, 5, 6, 7, 8, 9, 10, 11, 12, 13, 14, 15, 16, 17"
4414,1734603992828,1734603993823,995,null,"1, 3, 4, 5, 6, 7, 8, 9, 10, 11, 12, 13, 14, 15, 16, 17"
4415,1734603992829,1734603994249,1420,null,"1, 3, 4, 5, 6, 7, 8, 9, 10, 11, 12, 13, 14, 15, 16, 17"
4416,1734603992883,1734603994019,1136,null,"1, 3, 4, 5, 6, 7, 8, 9, 10, 11, 12, 13, 14, 15, 16, 17"
4417,1734603992885,1734603994331,1446,null,"1, 3, 4, 5, 6, 7, 8, 9, 10, 11, 12, 13, 14, 15, 16, 17"
4418,1734603992959,1734603994114,1155,null,"1, 3, 4, 5, 6, 7, 8, 9, 10, 11, 12, 13, 14, 15, 16, 17"
4419,1734603992960,1734603993718,758,null,"1, 3, 4, 5, 6, 7, 8, 9, 10, 11, 12, 13, 14, 15, 16, 17"
4420,1734603992962,1734603993721,759,null,"1, 3, 4, 5, 6, 7, 8, 9, 10, 11, 12, 13, 14, 15, 16, 17"
4421,1734603992994,1734603993874,880,null,"1, 3, 4, 5, 6, 7, 8, 9, 10, 11, 12, 13, 14, 15, 16, 17"
4422,1734603992995,1734603994249,1254,null,"1, 3, 4, 5, 6, 7, 8, 9, 10, 11, 12, 13, 14, 15, 16, 17"
4423,1734603993007,1734603994114,1107,null,"1, 3, 4, 5, 6, 7, 8, 9, 10, 11, 12, 13, 14, 15, 16, 17"
4424,1734603993053,1734603994143,1090,null,"1, 3, 4, 5, 6, 7, 8, 9, 10, 11, 12, 13, 14, 15, 16, 17"
4425,1734603993065,1734603994114,1049,null,"1, 3, 4, 5, 6, 7, 8, 9, 10, 11, 12, 13, 14, 15, 16, 17"
4426,1734603993116,1734603994307,1191,null,"1, 3, 4, 5, 6, 7, 8, 9, 10, 11, 12, 13, 14, 15, 16, 17"
4427,1734603993127,1734603994273,1146,null,"1, 3, 4, 5, 6, 7, 8, 9, 10, 11, 12, 13, 14, 15, 16, 17"
4428,1734603993193,1734603994249,1056,null,"1, 3, 4, 5, 6, 7, 8, 9, 10, 11, 12, 13, 14, 15, 16, 17"
4429,1734603993194,1734603994569,1375,null,"1, 3, 4, 5, 6, 7, 8, 9, 10, 11, 12, 13, 14, 15, 16, 17"
4430,1734603993195,1734603994685,1490,null,"1, 3, 4, 5, 6, 7, 8, 9, 10, 11, 12, 13, 14, 15, 16, 17"
4431,1734603993312,1734603994463,1151,null,"1, 3, 4, 5, 6, 7, 8, 9, 10, 11, 12, 13, 14, 15, 16, 17"
4432,1734603993314,1734603994411,1097,null,"1, 3, 4, 5, 6, 7, 8, 9, 10, 11, 12, 13, 14, 15, 16, 17"
4433,1734603993315,1734603994850,1535,null,"1, 3, 4, 5, 6, 7, 8, 9, 10, 11, 12, 13, 14, 15, 16, 17"
4434,1734603993335,1734603994249,914,null,"1, 3, 4, 5, 6, 7, 8, 9, 10, 11, 12, 13, 14, 15, 16, 17"
4435,1734603993337,1734603994249,912,null,"1, 3, 4, 5, 6, 7, 8, 9, 10, 11, 12, 13, 14, 15, 16, 17"
4436,1734603993338,1734603994531,1193,null,"1, 3, 4, 5, 6, 7, 8, 9, 10, 11, 12, 13, 14, 15, 16, 17"
4437,1734603993403,1734603994438,1035,null,"1, 3, 4, 5, 6, 7, 8, 9, 10, 11, 12, 13, 14, 15, 16, 17"
4438,1734603993404,1734603994440,1036,null,"1, 3, 4, 5, 6, 7, 8, 9, 10, 11, 12, 13, 14, 15, 16, 17"
4439,1734603993406,1734603994684,1278,null,"1, 3, 4, 5, 6, 7, 8, 9, 10, 11, 12, 13, 14, 15, 16, 17"
4440,1734603993482,1734603994684,1202,null,"1, 3, 4, 5, 6, 7, 8, 9, 10, 11, 12, 13, 14, 15, 16, 17"
4441,1734603993483,1734603994465,982,null,"1, 3, 4, 5, 6, 7, 8, 9, 10, 11, 12, 13, 14, 15, 16, 17"
4442,1734603993493,1734603994114,621,null,"1, 3, 4, 5, 6, 7, 8, 9, 10, 11, 12, 13, 14, 15, 16, 17"
4443,1734603993494,1734603994477,983,null,"1, 3, 4, 5, 6, 7, 8, 9, 10, 11, 12, 13, 14, 15, 16, 17"
4444,1734603993495,1734603994684,1189,null,"1, 3, 4, 5, 6, 7, 8, 9, 10, 11, 12, 13, 14, 15, 16, 17"
4445,1734603993566,1734603994411,845,null,"1, 3, 4, 5, 6, 7, 8, 9, 10, 11, 12, 13, 14, 15, 16, 17"
4446,1734603993576,1734603995171,1595,null,"1, 3, 4, 5, 6, 7, 8, 9, 10, 11, 12, 13, 14, 15, 16, 17"
4447,1734603993630,1734603994739,1109,null,"1, 3, 4, 5, 6, 7, 8, 9, 10, 11, 12, 13, 14, 15, 16, 17"
4448,1734603993631,1734603994970,1339,null,"1, 3, 4, 5, 6, 7, 8, 9, 10, 11, 12, 13, 14, 15, 16, 17"
4449,1734603993633,1734603995057,1424,null,"1, 3, 4, 5, 6, 7, 8, 9, 10, 11, 12, 13, 14, 15, 16, 17"
4450,1734603993734,1734603994739,1005,null,"1, 3, 4, 5, 6, 7, 8, 9, 10, 11, 12, 13, 14, 15, 16, 17"
4451,1734603993738,1734603994557,819,null,"1, 3, 4, 5, 6, 7, 8, 9, 10, 11, 12, 13, 14, 15, 16, 17"
4452,1734603993743,1734603994739,996,null,"1, 3, 4, 5, 6, 7, 8, 9, 10, 11, 12, 13, 14, 15, 16, 17"
4453,1734603993819,1734603994944,1125,null,"1, 3, 4, 5, 6, 7, 8, 9, 10, 11, 12, 13, 14, 15, 16, 17"
4454,1734603993820,1734603994939,1119,null,"1, 3, 4, 5, 6, 7, 8, 9, 10, 11, 12, 13, 14, 15, 16, 17"
4455,1734603993901,1734603994905,1004,null,"1, 3, 4, 5, 6, 7, 8, 9, 10, 11, 12, 13, 14, 15, 16, 17"
4456,1734603993902,1734603994801,899,null,"1, 3, 4, 5, 6, 7, 8, 9, 10, 11, 12, 13, 14, 15, 16, 17"
4457,1734603993904,1734603995057,1153,null,"1, 3, 4, 5, 6, 7, 8, 9, 10, 11, 12, 13, 14, 15, 16, 17"
4458,1734603993991,1734603994940,949,null,"1, 3, 4, 5, 6, 7, 8, 9, 10, 11, 12, 13, 14, 15, 16, 17"
4459,1734603993999,1734603995255,1256,null,"1, 3, 4, 5, 6, 7, 8, 9, 10, 11, 12, 13, 14, 15, 16, 17"
4460,1734603994001,1734603995057,1056,null,"1, 3, 4, 5, 6, 7, 8, 9, 10, 11, 12, 13, 14, 15, 16, 17"
4461,1734603994085,1734603995254,1169,null,"1, 3, 4, 5, 6, 7, 8, 9, 10, 11, 12, 13, 14, 15, 16, 17"
4462,1734603994144,1734603995282,1138,null,"1, 3, 4, 5, 6, 7, 8, 9, 10, 11, 12, 13, 14, 15, 16, 17"
4463,1734603994183,1734603995198,1015,null,"1, 3, 4, 5, 6, 7, 8, 9, 10, 11, 12, 13, 14, 15, 16, 17"
4464,1734603994184,1734603995283,1099,null,"1, 3, 4, 5, 6, 7, 8, 9, 10, 11, 12, 13, 14, 15, 16, 17"
4465,1734603994278,1734603995442,1164,null,"1, 3, 4, 5, 6, 7, 8, 9, 10, 11, 12, 13, 14, 15, 16, 17"
4466,1734603994287,1734603995633,1346,null,"1, 3, 4, 5, 6, 7, 8, 9, 10, 11, 12, 13, 14, 15, 16, 17"
4467,1734603994313,1734603995282,969,null,"1, 3, 4, 5, 6, 7, 8, 9, 10, 11, 12, 13, 14, 15, 16, 17"
4468,1734603994314,1734603995442,1128,null,"1, 3, 4, 5, 6, 7, 8, 9, 10, 11, 12, 13, 14, 15, 16, 17"
4469,1734603994316,1734603995442,1126,null,"1, 3, 4, 5, 6, 7, 8, 9, 10, 11, 12, 13, 14, 15, 16, 17"
4470,1734603994390,1734603995282,892,null,"1, 3, 4, 5, 6, 7, 8, 9, 10, 11, 12, 13, 14, 15, 16, 17"
4471,1734603994391,1734603995442,1051,null,"1, 3, 4, 5, 6, 7, 8, 9, 10, 11, 12, 13, 14, 15, 16, 17"
4472,1734603994451,1734603995500,1049,null,"1, 3, 4, 5, 6, 7, 8, 9, 10, 11, 12, 13, 14, 15, 16, 17"
4473,1734603994452,1734603995282,830,null,"1, 3, 4, 5, 6, 7, 8, 9, 10, 11, 12, 13, 14, 15, 16, 17"
4474,1734603994511,1734603995255,744,null,"1, 3, 4, 5, 6, 7, 8, 9, 10, 11, 12, 13, 14, 15, 16, 17"
4475,1734603994513,1734603995816,1303,null,"1, 3, 4, 5, 6, 7, 8, 9, 10, 11, 12, 13, 14, 15, 16, 17"
4476,1734603994514,1734603995675,1161,null,"1, 3, 4, 5, 6, 7, 8, 9, 10, 11, 12, 13, 14, 15, 16, 17"
4477,1734603994566,1734603995642,1076,null,"1, 3, 4, 5, 6, 7, 8, 9, 10, 11, 12, 13, 14, 15, 16, 17"
4478,1734603994567,1734603995671,1104,null,"1, 3, 4, 5, 6, 7, 8, 9, 10, 11, 12, 13, 14, 15, 16, 17"
4479,1734603994568,1734603995500,932,null,"1, 3, 4, 5, 6, 7, 8, 9, 10, 11, 12, 13, 14, 15, 16, 17"
4480,1734603994620,1734603995760,1140,null,"1, 3, 4, 5, 6, 7, 8, 9, 10, 11, 12, 13, 14, 15, 16, 17"
4481,1734603994622,1734603995545,923,null,"1, 3, 4, 5, 6, 7, 8, 9, 10, 11, 12, 13, 14, 15, 16, 17"
4482,1734603994685,1734603995882,1197,null,"1, 3, 4, 5, 6, 7, 8, 9, 10, 11, 12, 13, 14, 15, 16, 17"
4483,1734603994698,1734603996067,1369,null,"1, 3, 4, 5, 6, 7, 8, 9, 10, 11, 12, 13, 14, 15, 16, 17"
4484,1734603994703,1734603995672,969,null,"1, 3, 4, 5, 6, 7, 8, 9, 10, 11, 12, 13, 14, 15, 16, 17"
4485,1734603994775,1734603995816,1041,null,"1, 3, 4, 5, 6, 7, 8, 9, 10, 11, 12, 13, 14, 15, 16, 17"
4486,1734603994776,1734603995982,1206,null,"1, 3, 4, 5, 6, 7, 8, 9, 10, 11, 12, 13, 14, 15, 16, 17"
4487,1734603994778,1734603996218,1440,null,"1, 3, 4, 5, 6, 7, 8, 9, 10, 11, 12, 13, 14, 15, 16, 17"
4488,1734603994883,1734603996069,1186,null,"1, 3, 4, 5, 6, 7, 8, 9, 10, 11, 12, 13, 14, 15, 16, 17"
4489,1734603994884,1734603996028,1144,null,"1, 3, 4, 5, 6, 7, 8, 9, 10, 11, 12, 13, 14, 15, 16, 17"
4490,1734603994905,1734603995593,688,null,"1, 3, 4, 5, 6, 7, 8, 9, 10, 11, 12, 13, 14, 15, 16, 17"
4491,1734603994940,1734603995982,1042,null,"1, 3, 4, 5, 6, 7, 8, 9, 10, 11, 12, 13, 14, 15, 16, 17"
4492,1734603994941,1734603996105,1164,null,"1, 3, 4, 5, 6, 7, 8, 9, 10, 11, 12, 13, 14, 15, 16, 17"
4493,1734603994949,1734603996120,1171,null,"1, 3, 4, 5, 6, 7, 8, 9, 10, 11, 12, 13, 14, 15, 16, 17"
4494,1734603994950,1734603996242,1292,null,"1, 3, 4, 5, 6, 7, 8, 9, 10, 11, 12, 13, 14, 15, 16, 17"
4495,1734603994952,1734603996339,1387,null,"1, 3, 4, 5, 6, 7, 8, 9, 10, 11, 12, 13, 14, 15, 16, 17"
4496,1734603995052,1734603996003,951,null,"1, 3, 4, 5, 6, 7, 8, 9, 10, 11, 12, 13, 14, 15, 16, 17"
4497,1734603995053,1734603995850,797,null,"1, 3, 4, 5, 6, 7, 8, 9, 10, 11, 12, 13, 14, 15, 16, 17"
4498,1734603995054,1734603995881,827,null,"1, 3, 4, 5, 6, 7, 8, 9, 10, 11, 12, 13, 14, 15, 16, 17"
4499,1734603995127,1734603996224,1097,null,"1, 3, 4, 5, 6, 7, 8, 9, 10, 11, 12, 13, 14, 15, 16, 17"
4500,1734603995128,1734603996493,1365,null,"1, 3, 4, 5, 6, 7, 8, 9, 10, 11, 12, 13, 14, 15, 16, 17"
4501,1734603995129,1734603996403,1274,null,"1, 3, 4, 5, 6, 7, 8, 9, 10, 11, 12, 13, 14, 15, 16, 17"
4502,1734603995235,1734603996189,954,null,"1, 3, 4, 5, 6, 7, 8, 9, 10, 11, 12, 13, 14, 15, 16, 17"
4503,1734603995245,1734603995983,738,null,"1, 3, 4, 5, 6, 7, 8, 9, 10, 11, 12, 13, 14, 15, 16, 17"
4504,1734603995270,1734603996288,1018,null,"1, 3, 4, 5, 6, 7, 8, 9, 10, 11, 12, 13, 14, 15, 16, 17"
4505,1734603995271,1734603996382,1111,null,"1, 3, 4, 5, 6, 7, 8, 9, 10, 11, 12, 13, 14, 15, 16, 17"
4506,1734603995272,1734603996527,1255,null,"1, 3, 4, 5, 6, 7, 8, 9, 10, 11, 12, 13, 14, 15, 16, 17"
4507,1734603995330,1734603996242,912,null,"1, 3, 4, 5, 6, 7, 8, 9, 10, 11, 12, 13, 14, 15, 16, 17"
4508,1734603995332,1734603996767,1435,null,"1, 3, 4, 5, 6, 7, 8, 9, 10, 11, 12, 13, 14, 15, 16, 17"
4509,1734603995431,1734603996343,912,null,"1, 3, 4, 5, 6, 7, 8, 9, 10, 11, 12, 13, 14, 15, 16, 17"
4510,1734603995433,1734603996493,1060,null,"1, 3, 4, 5, 6, 7, 8, 9, 10, 11, 12, 13, 14, 15, 16, 17"
4511,1734603995439,1734603996951,1512,null,"1, 3, 4, 5, 6, 7, 8, 9, 10, 11, 12, 13, 14, 15, 16, 17"
4512,1734603995518,1734603996617,1099,null,"1, 3, 4, 5, 6, 7, 8, 9, 10, 11, 12, 13, 14, 15, 16, 17"
4513,1734603995519,1734603996767,1248,null,"1, 3, 4, 5, 6, 7, 8, 9, 10, 11, 12, 13, 14, 15, 16, 17"
4514,1734603995521,1734603996402,881,null,"1, 3, 4, 5, 6, 7, 8, 9, 10, 11, 12, 13, 14, 15, 16, 17"
4515,1734603995522,1734603996951,1429,null,"1, 3, 4, 5, 6, 7, 8, 9, 10, 11, 12, 13, 14, 15, 16, 17"
4516,1734603995601,1734603996951,1350,null,"1, 3, 4, 5, 6, 7, 8, 9, 10, 11, 12, 13, 14, 15, 16, 17"
4517,1734603995602,1734603996527,925,null,"1, 3, 4, 5, 6, 7, 8, 9, 10, 11, 12, 13, 14, 15, 16, 17"
4518,1734603995604,1734603996653,1049,null,"1, 3, 4, 5, 6, 7, 8, 9, 10, 11, 12, 13, 14, 15, 16, 17"
4519,1734603995669,1734603996527,858,null,"1, 3, 4, 5, 6, 7, 8, 9, 10, 11, 12, 13, 14, 15, 16, 17"
4520,1734603995670,1734603996741,1071,null,"1, 3, 4, 5, 6, 7, 8, 9, 10, 11, 12, 13, 14, 15, 16, 17"
4521,1734603995769,1734603996767,998,null,"1, 3, 4, 5, 6, 7, 8, 9, 10, 11, 12, 13, 14, 15, 16, 17"
4522,1734603995770,1734603996617,847,null,"1, 3, 4, 5, 6, 7, 8, 9, 10, 11, 12, 13, 14, 15, 16, 17"
4523,1734603995772,1734603996828,1056,null,"1, 3, 4, 5, 6, 7, 8, 9, 10, 11, 12, 13, 14, 15, 16, 17"
4524,1734603995781,1734603996629,848,null,"1, 3, 4, 5, 6, 7, 8, 9, 10, 11, 12, 13, 14, 15, 16, 17"
4525,1734603995782,1734603996828,1046,null,"1, 3, 4, 5, 6, 7, 8, 9, 10, 11, 12, 13, 14, 15, 16, 17"
4526,1734603995845,1734603996951,1106,null,"1, 3, 4, 5, 6, 7, 8, 9, 10, 11, 12, 13, 14, 15, 16, 17"
4527,1734603995846,1734603996952,1106,null,"1, 3, 4, 5, 6, 7, 8, 9, 10, 11, 12, 13, 14, 15, 16, 17"
4528,1734603995847,1734603996974,1127,null,"1, 3, 4, 5, 6, 7, 8, 9, 10, 11, 12, 13, 14, 15, 16, 17"
4529,1734603995937,1734603996952,1015,null,"1, 3, 4, 5, 6, 7, 8, 9, 10, 11, 12, 13, 14, 15, 16, 17"
4530,1734603995939,1734603997095,1156,null,"1, 3, 4, 5, 6, 7, 8, 9, 10, 11, 12, 13, 14, 15, 16, 17"
4531,1734603996019,1734603997095,1076,null,"1, 3, 4, 5, 6, 7, 8, 9, 10, 11, 12, 13, 14, 15, 16, 17"
4532,1734603996020,1734603997095,1075,null,"1, 3, 4, 5, 6, 7, 8, 9, 10, 11, 12, 13, 14, 15, 16, 17"
4533,1734603996021,1734603997199,1178,null,"1, 3, 4, 5, 6, 7, 8, 9, 10, 11, 12, 13, 14, 15, 16, 17"
4534,1734603996104,1734603997285,1181,null,"1, 3, 4, 5, 6, 7, 8, 9, 10, 11, 12, 13, 14, 15, 16, 17"
4535,1734603996105,1734603997443,1338,null,"1, 3, 4, 5, 6, 7, 8, 9, 10, 11, 12, 13, 14, 15, 16, 17"
4536,1734603996106,1734603996976,870,null,"1, 3, 4, 5, 6, 7, 8, 9, 10, 11, 12, 13, 14, 15, 16, 17"
4537,1734603996187,1734603997276,1089,null,"1, 3, 4, 5, 6, 7, 8, 9, 10, 11, 12, 13, 14, 15, 16, 17"
4538,1734603996189,1734603997541,1352,null,"1, 3, 4, 5, 6, 7, 8, 9, 10, 11, 12, 13, 14, 15, 16, 17"
4539,1734603996235,1734603997173,938,null,"1, 3, 4, 5, 6, 7, 8, 9, 10, 11, 12, 13, 14, 15, 16, 17"
4540,1734603996301,1734603997280,979,null,"1, 3, 4, 5, 6, 7, 8, 9, 10, 11, 12, 13, 14, 15, 16, 17"
4541,1734603996306,1734603997341,1035,null,"1, 3, 4, 5, 6, 7, 8, 9, 10, 11, 12, 13, 14, 15, 16, 17"
4542,1734603996340,1734603997339,999,null,"1, 3, 4, 5, 6, 7, 8, 9, 10, 11, 12, 13, 14, 15, 16, 17"
4543,1734603996341,1734603997541,1200,null,"1, 3, 4, 5, 6, 7, 8, 9, 10, 11, 12, 13, 14, 15, 16, 17"
4544,1734603996386,1734603997702,1316,null,"1, 3, 4, 5, 6, 7, 8, 9, 10, 11, 12, 13, 14, 15, 16, 17"
4545,1734603996387,1734603997546,1159,null,"1, 3, 4, 5, 6, 7, 8, 9, 10, 11, 12, 13, 14, 15, 16, 17"
4546,1734603996435,1734603997669,1234,null,"1, 3, 4, 5, 6, 7, 8, 9, 10, 11, 12, 13, 14, 15, 16, 17"
4547,1734603996490,1734603997719,1229,null,"1, 3, 4, 5, 6, 7, 8, 9, 10, 11, 12, 13, 14, 15, 16, 17"
4548,1734603996491,1734603997970,1479,null,"1, 3, 4, 5, 6, 7, 8, 9, 10, 11, 12, 13, 14, 15, 16, 17"
4549,1734603996541,1734603997763,1222,null,"1, 3, 4, 5, 6, 7, 8, 9, 10, 11, 12, 13, 14, 15, 16, 17"
4550,1734603996546,1734603997443,897,null,"1, 3, 4, 5, 6, 7, 8, 9, 10, 11, 12, 13, 14, 15, 16, 17"
4551,1734603996559,1734603997541,982,null,"1, 3, 4, 5, 6, 7, 8, 9, 10, 11, 12, 13, 14, 15, 16, 17"
4552,1734603996561,1734603997823,1262,null,"1, 3, 4, 5, 6, 7, 8, 9, 10, 11, 12, 13, 14, 15, 16, 17"
4553,1734603996611,1734603997763,1152,null,"1, 3, 4, 5, 6, 7, 8, 9, 10, 11, 12, 13, 14, 15, 16, 17"
4554,1734603996612,1734603997915,1303,null,"1, 3, 4, 5, 6, 7, 8, 9, 10, 11, 12, 13, 14, 15, 16, 17"
4555,1734603996613,1734603997541,928,null,"1, 3, 4, 5, 6, 7, 8, 9, 10, 11, 12, 13, 14, 15, 16, 17"
4556,1734603996676,1734603997541,865,null,"1, 3, 4, 5, 6, 7, 8, 9, 10, 11, 12, 13, 14, 15, 16, 17"
4557,1734603996685,1734603997669,984,null,"1, 3, 4, 5, 6, 7, 8, 9, 10, 11, 12, 13, 14, 15, 16, 17"
4558,1734603996733,1734603997915,1182,null,"1, 3, 4, 5, 6, 7, 8, 9, 10, 11, 12, 13, 14, 15, 16, 17"
4559,1734603996748,1734603997823,1075,null,"1, 3, 4, 5, 6, 7, 8, 9, 10, 11, 12, 13, 14, 15, 16, 17"
4560,1734603996805,1734603997915,1110,null,"1, 3, 4, 5, 6, 7, 8, 9, 10, 11, 12, 13, 14, 15, 16, 17"
4561,1734603996806,1734603997946,1140,null,"1, 3, 4, 5, 6, 7, 8, 9, 10, 11, 12, 13, 14, 15, 16, 17"
4562,1734603996808,1734603998162,1354,null,"1, 3, 4, 5, 6, 7, 8, 9, 10, 11, 12, 13, 14, 15, 16, 17"
4563,1734603996880,1734603998053,1173,null,"1, 3, 4, 5, 6, 7, 8, 9, 10, 11, 12, 13, 14, 15, 16, 17"
4564,1734603996939,1734603998073,1134,null,"1, 3, 4, 5, 6, 7, 8, 9, 10, 11, 12, 13, 14, 15, 16, 17"
4565,1734603996940,1734603998053,1113,null,"1, 3, 4, 5, 6, 7, 8, 9, 10, 11, 12, 13, 14, 15, 16, 17"
4566,1734603996942,1734603997946,1004,null,"1, 3, 4, 5, 6, 7, 8, 9, 10, 11, 12, 13, 14, 15, 16, 17"
4567,1734603997007,1734603998430,1423,null,"1, 3, 4, 5, 6, 7, 8, 9, 10, 11, 12, 13, 14, 15, 16, 17"
4568,1734603997016,1734603998031,1015,null,"1, 3, 4, 5, 6, 7, 8, 9, 10, 11, 12, 13, 14, 15, 16, 17"
4569,1734603997089,1734603998162,1073,null,"1, 3, 4, 5, 6, 7, 8, 9, 10, 11, 12, 13, 14, 15, 16, 17"
4570,1734603997090,1734603998260,1170,null,"1, 3, 4, 5, 6, 7, 8, 9, 10, 11, 12, 13, 14, 15, 16, 17"
4571,1734603997092,1734603998430,1338,null,"1, 3, 4, 5, 6, 7, 8, 9, 10, 11, 12, 13, 14, 15, 16, 17"
4572,1734603997146,1734603998429,1283,null,"1, 3, 4, 5, 6, 7, 8, 9, 10, 11, 12, 13, 14, 15, 16, 17"
4573,1734603997148,1734603998429,1281,null,"1, 3, 4, 5, 6, 7, 8, 9, 10, 11, 12, 13, 14, 15, 16, 17"
4574,1734603997149,1734603998180,1031,null,"1, 3, 4, 5, 6, 7, 8, 9, 10, 11, 12, 13, 14, 15, 16, 17"
4575,1734603997157,1734603998011,854,null,"1, 3, 4, 5, 6, 7, 8, 9, 10, 11, 12, 13, 14, 15, 16, 17"
4576,1734603997179,1734603998430,1251,null,"1, 3, 4, 5, 6, 7, 8, 9, 10, 11, 12, 13, 14, 15, 16, 17"
4577,1734603997180,1734603998189,1009,null,"1, 3, 4, 5, 6, 7, 8, 9, 10, 11, 12, 13, 14, 15, 16, 17"
4578,1734603997182,1734603998309,1127,null,"1, 3, 4, 5, 6, 7, 8, 9, 10, 11, 12, 13, 14, 15, 16, 17"
4579,1734603997239,1734603998430,1191,null,"1, 3, 4, 5, 6, 7, 8, 9, 10, 11, 12, 13, 14, 15, 16, 17"
4580,1734603997240,1734603998348,1108,null,"1, 3, 4, 5, 6, 7, 8, 9, 10, 11, 12, 13, 14, 15, 16, 17"
4581,1734603997296,1734603998053,757,null,"1, 3, 4, 5, 6, 7, 8, 9, 10, 11, 12, 13, 14, 15, 16, 17"
4582,1734603997298,1734603998390,1092,null,"1, 3, 4, 5, 6, 7, 8, 9, 10, 11, 12, 13, 14, 15, 16, 17"
4583,1734603997299,1734603998429,1130,null,"1, 3, 4, 5, 6, 7, 8, 9, 10, 11, 12, 13, 14, 15, 16, 17"
4584,1734603997402,1734603998429,1027,null,"1, 3, 4, 5, 6, 7, 8, 9, 10, 11, 12, 13, 14, 15, 16, 17"
4585,1734603997403,1734603998504,1101,null,"1, 3, 4, 5, 6, 7, 8, 9, 10, 11, 12, 13, 14, 15, 16, 17"
4586,1734603997404,1734603998539,1135,null,"1, 3, 4, 5, 6, 7, 8, 9, 10, 11, 12, 13, 14, 15, 16, 17"
4587,1734603997463,1734603998626,1163,null,"1, 3, 4, 5, 6, 7, 8, 9, 10, 11, 12, 13, 14, 15, 16, 17"
4588,1734603997472,1734603998430,958,null,"1, 3, 4, 5, 6, 7, 8, 9, 10, 11, 12, 13, 14, 15, 16, 17"
4589,1734603997473,1734603998504,1031,null,"1, 3, 4, 5, 6, 7, 8, 9, 10, 11, 12, 13, 14, 15, 16, 17"
4590,1734603997564,1734603998957,1393,null,"1, 3, 4, 5, 6, 7, 8, 9, 10, 11, 12, 13, 14, 15, 16, 17"
4591,1734603997581,1734603998540,959,null,"1, 3, 4, 5, 6, 7, 8, 9, 10, 11, 12, 13, 14, 15, 16, 17"
4592,1734603997582,1734603998958,1376,null,"1, 3, 4, 5, 6, 7, 8, 9, 10, 11, 12, 13, 14, 15, 16, 17"
4593,1734603997607,1734603998551,944,null,"1, 3, 4, 5, 6, 7, 8, 9, 10, 11, 12, 13, 14, 15, 16, 17"
4594,1734603997608,1734603998783,1175,null,"1, 3, 4, 5, 6, 7, 8, 9, 10, 11, 12, 13, 14, 15, 16, 17"
4595,1734603997667,1734603998858,1191,null,"1, 3, 4, 5, 6, 7, 8, 9, 10, 11, 12, 13, 14, 15, 16, 17"
4596,1734603997668,1734603998678,1010,null,"1, 3, 4, 5, 6, 7, 8, 9, 10, 11, 12, 13, 14, 15, 16, 17"
4597,1734603997729,1734603998719,990,null,"1, 3, 4, 5, 6, 7, 8, 9, 10, 11, 12, 13, 14, 15, 16, 17"
4598,1734603997738,1734603998957,1219,null,"1, 3, 4, 5, 6, 7, 8, 9, 10, 11, 12, 13, 14, 15, 16, 17"
4599,1734603997739,1734603998896,1157,null,"1, 3, 4, 5, 6, 7, 8, 9, 10, 11, 12, 13, 14, 15, 16, 17"
4600,1734603997789,1734603999152,1363,null,"1, 3, 4, 5, 6, 7, 8, 9, 10, 11, 12, 13, 14, 15, 16, 17"
4601,1734603997791,1734603998682,891,null,"1, 3, 4, 5, 6, 7, 8, 9, 10, 11, 12, 13, 14, 15, 16, 17"
4602,1734603997842,1734603999193,1351,null,"1, 3, 4, 5, 6, 7, 8, 9, 10, 11, 12, 13, 14, 15, 16, 17"
4603,1734603997843,1734603998792,949,null,"1, 3, 4, 5, 6, 7, 8, 9, 10, 11, 12, 13, 14, 15, 16, 17"
4604,1734603997844,1734603998957,1113,null,"1, 3, 4, 5, 6, 7, 8, 9, 10, 11, 12, 13, 14, 15, 16, 17"
4605,1734603997846,1734603998958,1112,null,"1, 3, 4, 5, 6, 7, 8, 9, 10, 11, 12, 13, 14, 15, 16, 17"
4606,1734603997964,1734603999193,1229,null,"1, 3, 4, 5, 6, 7, 8, 9, 10, 11, 12, 13, 14, 15, 16, 17"
4607,1734603997969,1734603998981,1012,null,"1, 3, 4, 5, 6, 7, 8, 9, 10, 11, 12, 13, 14, 15, 16, 17"
4608,1734603998051,1734603999194,1143,null,"1, 3, 4, 5, 6, 7, 8, 9, 10, 11, 12, 13, 14, 15, 16, 17"
4609,1734603998124,1734603999356,1232,null,"1, 3, 4, 5, 6, 7, 8, 9, 10, 11, 12, 13, 14, 15, 16, 17"
4610,1734603998172,1734603999194,1022,null,"1, 3, 4, 5, 6, 7, 8, 9, 10, 11, 12, 13, 14, 15, 16, 17"
4611,1734603998206,1734603999341,1135,null,"1, 3, 4, 5, 6, 7, 8, 9, 10, 11, 12, 13, 14, 15, 16, 17"
4612,1734603998208,1734603999193,985,null,"1, 3, 4, 5, 6, 7, 8, 9, 10, 11, 12, 13, 14, 15, 16, 17"
4613,1734603998209,1734603999202,993,null,"1, 3, 4, 5, 6, 7, 8, 9, 10, 11, 12, 13, 14, 15, 16, 17"
4614,1734603998292,1734603999585,1293,null,"1, 3, 4, 5, 6, 7, 8, 9, 10, 11, 12, 13, 14, 15, 16, 17"
4615,1734603998293,1734603999535,1242,null,"1, 3, 4, 5, 6, 7, 8, 9, 10, 11, 12, 13, 14, 15, 16, 17"
4616,1734603998342,1734603999193,851,null,"1, 3, 4, 5, 6, 7, 8, 9, 10, 11, 12, 13, 14, 15, 16, 17"
4617,1734603998412,1734603999676,1264,null,"1, 3, 4, 5, 6, 7, 8, 9, 10, 11, 12, 13, 14, 15, 16, 17"
4618,1734603998416,1734603999410,994,null,"1, 3, 4, 5, 6, 7, 8, 9, 10, 11, 12, 13, 14, 15, 16, 17"
4619,1734603998418,1734603999479,1061,null,"1, 3, 4, 5, 6, 7, 8, 9, 10, 11, 12, 13, 14, 15, 16, 17"
4620,1734603998419,1734603999812,1393,null,"1, 3, 4, 5, 6, 7, 8, 9, 10, 11, 12, 13, 14, 15, 16, 17"
4621,1734603998427,1734603999434,1007,null,"1, 3, 4, 5, 6, 7, 8, 9, 10, 11, 12, 13, 14, 15, 16, 17"
4622,1734603998428,1734603999650,1222,null,"1, 3, 4, 5, 6, 7, 8, 9, 10, 11, 12, 13, 14, 15, 16, 17"
4623,1734603998430,1734603999533,1103,null,"1, 3, 4, 5, 6, 7, 8, 9, 10, 11, 12, 13, 14, 15, 16, 17"
4624,1734603998510,1734603999341,831,null,"1, 3, 4, 5, 6, 7, 8, 9, 10, 11, 12, 13, 14, 15, 16, 17"
4625,1734603998511,1734603999777,1266,null,"1, 3, 4, 5, 6, 7, 8, 9, 10, 11, 12, 13, 14, 15, 16, 17"
4626,1734603998512,1734603999650,1138,null,"1, 3, 4, 5, 6, 7, 8, 9, 10, 11, 12, 13, 14, 15, 16, 17"
4627,1734603998514,1734603999814,1300,null,"1, 3, 4, 5, 6, 7, 8, 9, 10, 11, 12, 13, 14, 15, 16, 17"
4628,1734603998645,1734603999934,1289,null,"1, 3, 4, 5, 6, 7, 8, 9, 10, 11, 12, 13, 14, 15, 16, 17"
4629,1734603998646,1734603999550,904,null,"1, 3, 4, 5, 6, 7, 8, 9, 10, 11, 12, 13, 14, 15, 16, 17"
4630,1734603998648,1734603999817,1169,null,"1, 3, 4, 5, 6, 7, 8, 9, 10, 11, 12, 13, 14, 15, 16, 17"
4631,1734603998740,1734603999650,910,null,"1, 3, 4, 5, 6, 7, 8, 9, 10, 11, 12, 13, 14, 15, 16, 17"
4632,1734603998741,1734604000079,1338,null,"1, 3, 4, 5, 6, 7, 8, 9, 10, 11, 12, 13, 14, 15, 16, 17"
4633,1734603998852,1734603999589,737,null,"1, 3, 4, 5, 6, 7, 8, 9, 10, 11, 12, 13, 14, 15, 16, 17"
4634,1734603998853,1734603999860,1007,null,"1, 3, 4, 5, 6, 7, 8, 9, 10, 11, 12, 13, 14, 15, 16, 17"
4635,1734603998854,1734603999692,838,null,"1, 3, 4, 5, 6, 7, 8, 9, 10, 11, 12, 13, 14, 15, 16, 17"
4636,1734603998914,1734603999934,1020,null,"1, 3, 4, 5, 6, 7, 8, 9, 10, 11, 12, 13, 14, 15, 16, 17"
4637,1734603998916,1734603999767,851,null,"1, 3, 4, 5, 6, 7, 8, 9, 10, 11, 12, 13, 14, 15, 16, 17"
4638,1734603998917,1734604000088,1171,null,"1, 3, 4, 5, 6, 7, 8, 9, 10, 11, 12, 13, 14, 15, 16, 17"
4639,1734603998959,1734604000096,1137,null,"1, 3, 4, 5, 6, 7, 8, 9, 10, 11, 12, 13, 14, 15, 16, 17"
4640,1734603998974,1734604000087,1113,null,"1, 3, 4, 5, 6, 7, 8, 9, 10, 11, 12, 13, 14, 15, 16, 17"
4641,1734603998975,1734603999973,998,null,"1, 3, 4, 5, 6, 7, 8, 9, 10, 11, 12, 13, 14, 15, 16, 17"
4642,1734603998977,1734604000088,1111,null,"1, 3, 4, 5, 6, 7, 8, 9, 10, 11, 12, 13, 14, 15, 16, 17"
4643,1734603999011,1734604000088,1077,null,"1, 3, 4, 5, 6, 7, 8, 9, 10, 11, 12, 13, 14, 15, 16, 17"
4644,1734603999012,1734604000243,1231,null,"1, 3, 4, 5, 6, 7, 8, 9, 10, 11, 12, 13, 14, 15, 16, 17"
4645,1734603999014,1734604000393,1379,null,"1, 3, 4, 5, 6, 7, 8, 9, 10, 11, 12, 13, 14, 15, 16, 17"
4646,1734603999124,1734604000087,963,null,"1, 3, 4, 5, 6, 7, 8, 9, 10, 11, 12, 13, 14, 15, 16, 17"
4647,1734603999175,1734604000150,975,null,"1, 3, 4, 5, 6, 7, 8, 9, 10, 11, 12, 13, 14, 15, 16, 17"
4648,1734603999184,1734604000150,966,null,"1, 3, 4, 5, 6, 7, 8, 9, 10, 11, 12, 13, 14, 15, 16, 17"
4649,1734603999217,1734604000666,1449,null,"1, 3, 4, 5, 6, 7, 8, 9, 10, 11, 12, 13, 14, 15, 16, 17"
4650,1734603999218,1734604000214,996,null,"1, 3, 4, 5, 6, 7, 8, 9, 10, 11, 12, 13, 14, 15, 16, 17"
4651,1734603999219,1734604000293,1074,null,"1, 3, 4, 5, 6, 7, 8, 9, 10, 11, 12, 13, 14, 15, 16, 17"
4652,1734603999286,1734604000514,1228,null,"1, 3, 4, 5, 6, 7, 8, 9, 10, 11, 12, 13, 14, 15, 16, 17"
4653,1734603999287,1734604000293,1006,null,"1, 3, 4, 5, 6, 7, 8, 9, 10, 11, 12, 13, 14, 15, 16, 17"
4654,1734603999289,1734604000416,1127,null,"1, 3, 4, 5, 6, 7, 8, 9, 10, 11, 12, 13, 14, 15, 16, 17"
4655,1734603999358,1734603999982,624,null,"1, 3, 4, 5, 6, 7, 8, 9, 10, 11, 12, 13, 14, 15, 16, 17"
4656,1734603999360,1734604000087,727,null,"1, 3, 4, 5, 6, 7, 8, 9, 10, 11, 12, 13, 14, 15, 16, 17"
4657,1734603999409,1734604000215,806,null,"1, 3, 4, 5, 6, 7, 8, 9, 10, 11, 12, 13, 14, 15, 16, 17"
4658,1734603999410,1734604000621,1211,null,"1, 3, 4, 5, 6, 7, 8, 9, 10, 11, 12, 13, 14, 15, 16, 17"
4659,1734603999412,1734604000853,1441,null,"1, 3, 4, 5, 6, 7, 8, 9, 10, 11, 12, 13, 14, 15, 16, 17"
4660,1734603999563,1734604000635,1072,null,"1, 3, 4, 5, 6, 7, 8, 9, 10, 11, 12, 13, 14, 15, 16, 17"
4661,1734603999565,1734604000666,1101,null,"1, 3, 4, 5, 6, 7, 8, 9, 10, 11, 12, 13, 14, 15, 16, 17"
4662,1734603999566,1734604000445,879,null,"1, 3, 4, 5, 6, 7, 8, 9, 10, 11, 12, 13, 14, 15, 16, 17"
4663,1734603999628,1734604000889,1261,null,"1, 3, 4, 5, 6, 7, 8, 9, 10, 11, 12, 13, 14, 15, 16, 17"
4664,1734603999629,1734604000998,1369,null,"1, 3, 4, 5, 6, 7, 8, 9, 10, 11, 12, 13, 14, 15, 16, 17"
4665,1734603999709,1734604000763,1054,null,"1, 3, 4, 5, 6, 7, 8, 9, 10, 11, 12, 13, 14, 15, 16, 17"
4666,1734603999714,1734604000621,907,null,"1, 3, 4, 5, 6, 7, 8, 9, 10, 11, 12, 13, 14, 15, 16, 17"
4667,1734603999763,1734604001167,1404,null,"1, 3, 4, 5, 6, 7, 8, 9, 10, 11, 12, 13, 14, 15, 16, 17"
4668,1734603999764,1734604000796,1032,null,"1, 3, 4, 5, 6, 7, 8, 9, 10, 11, 12, 13, 14, 15, 16, 17"
4669,1734603999766,1734604000748,982,null,"1, 3, 4, 5, 6, 7, 8, 9, 10, 11, 12, 13, 14, 15, 16, 17"
4670,1734603999810,1734604000631,821,null,"1, 3, 4, 5, 6, 7, 8, 9, 10, 11, 12, 13, 14, 15, 16, 17"
4671,1734603999828,1734604000993,1165,null,"1, 3, 4, 5, 6, 7, 8, 9, 10, 11, 12, 13, 14, 15, 16, 17"
4672,1734603999829,1734604000795,966,null,"1, 3, 4, 5, 6, 7, 8, 9, 10, 11, 12, 13, 14, 15, 16, 17"
4673,1734603999903,1734604001060,1157,null,"1, 3, 4, 5, 6, 7, 8, 9, 10, 11, 12, 13, 14, 15, 16, 17"
4674,1734603999904,1734604001260,1356,null,"1, 3, 4, 5, 6, 7, 8, 9, 10, 11, 12, 13, 14, 15, 16, 17"
4675,1734603999913,1734604000830,917,null,"1, 3, 4, 5, 6, 7, 8, 9, 10, 11, 12, 13, 14, 15, 16, 17"
4676,1734603999956,1734604001172,1216,null,"1, 3, 4, 5, 6, 7, 8, 9, 10, 11, 12, 13, 14, 15, 16, 17"
4677,1734603999998,1734604001060,1062,null,"1, 3, 4, 5, 6, 7, 8, 9, 10, 11, 12, 13, 14, 15, 16, 17"
4678,1734604000000,1734604001005,1005,null,"1, 3, 4, 5, 6, 7, 8, 9, 10, 11, 12, 13, 14, 15, 16, 17"
4679,1734604000001,1734604001319,1318,null,"1, 3, 4, 5, 6, 7, 8, 9, 10, 11, 12, 13, 14, 15, 16, 17"
4680,1734604000160,1734604001394,1234,null,"1, 3, 4, 5, 6, 7, 8, 9, 10, 11, 12, 13, 14, 15, 16, 17"
4681,1734604000162,1734604001319,1157,null,"1, 3, 4, 5, 6, 7, 8, 9, 10, 11, 12, 13, 14, 15, 16, 17"
4682,1734604000163,1734604001319,1156,null,"1, 3, 4, 5, 6, 7, 8, 9, 10, 11, 12, 13, 14, 15, 16, 17"
4683,1734604000216,1734604001320,1104,null,"1, 3, 4, 5, 6, 7, 8, 9, 10, 11, 12, 13, 14, 15, 16, 17"
4684,1734604000217,1734604001516,1299,null,"1, 3, 4, 5, 6, 7, 8, 9, 10, 11, 12, 13, 14, 15, 16, 17"
4685,1734604000289,1734604001320,1031,null,"1, 3, 4, 5, 6, 7, 8, 9, 10, 11, 12, 13, 14, 15, 16, 17"
4686,1734604000291,1734604001196,905,null,"1, 3, 4, 5, 6, 7, 8, 9, 10, 11, 12, 13, 14, 15, 16, 17"
4687,1734604000292,1734604001596,1304,null,"1, 3, 4, 5, 6, 7, 8, 9, 10, 11, 12, 13, 14, 15, 16, 17"
4688,1734604000377,1734604001525,1148,null,"1, 3, 4, 5, 6, 7, 8, 9, 10, 11, 12, 13, 14, 15, 16, 17"
4689,1734604000385,1734604001319,934,null,"1, 3, 4, 5, 6, 7, 8, 9, 10, 11, 12, 13, 14, 15, 16, 17"
4690,1734604000398,1734604001657,1259,null,"1, 3, 4, 5, 6, 7, 8, 9, 10, 11, 12, 13, 14, 15, 16, 17"
4691,1734604000426,1734604001925,1499,null,"1, 3, 4, 5, 6, 7, 8, 9, 10, 11, 12, 13, 14, 15, 16, 17"
4692,1734604000427,1734604001347,920,null,"1, 3, 4, 5, 6, 7, 8, 9, 10, 11, 12, 13, 14, 15, 16, 17"
4693,1734604000428,1734604001320,892,null,"1, 3, 4, 5, 6, 7, 8, 9, 10, 11, 12, 13, 14, 15, 16, 17"
4694,1734604000430,1734604001635,1205,null,"1, 3, 4, 5, 6, 7, 8, 9, 10, 11, 12, 13, 14, 15, 16, 17"
4695,1734604000468,1734604001452,984,null,"1, 3, 4, 5, 6, 7, 8, 9, 10, 11, 12, 13, 14, 15, 16, 17"
4696,1734604000469,1734604001803,1334,null,"1, 3, 4, 5, 6, 7, 8, 9, 10, 11, 12, 13, 14, 15, 16, 17"
4697,1734604000523,1734604001856,1333,null,"1, 3, 4, 5, 6, 7, 8, 9, 10, 11, 12, 13, 14, 15, 16, 17"
4698,1734604000525,1734604001396,871,null,"1, 3, 4, 5, 6, 7, 8, 9, 10, 11, 12, 13, 14, 15, 16, 17"
4699,1734604000574,1734604001944,1370,null,"1, 3, 4, 5, 6, 7, 8, 9, 10, 11, 12, 13, 14, 15, 16, 17"
4700,1734604000575,1734604001333,758,null,"1, 3, 4, 5, 6, 7, 8, 9, 10, 11, 12, 13, 14, 15, 16, 17"
4701,1734604000577,1734604001320,743,null,"1, 3, 4, 5, 6, 7, 8, 9, 10, 11, 12, 13, 14, 15, 16, 17"
4702,1734604000578,1734604001652,1074,null,"1, 3, 4, 5, 6, 7, 8, 9, 10, 11, 12, 13, 14, 15, 16, 17"
4703,1734604000622,1734604001856,1234,null,"1, 3, 4, 5, 6, 7, 8, 9, 10, 11, 12, 13, 14, 15, 16, 17"
4704,1734604000623,1734604001856,1233,null,"1, 3, 4, 5, 6, 7, 8, 9, 10, 11, 12, 13, 14, 15, 16, 17"
4705,1734604000713,1734604001599,886,null,"1, 3, 4, 5, 6, 7, 8, 9, 10, 11, 12, 13, 14, 15, 16, 17"
4706,1734604000756,1734604001803,1047,null,"1, 3, 4, 5, 6, 7, 8, 9, 10, 11, 12, 13, 14, 15, 16, 17"
4707,1734604000760,1734604001856,1096,null,"1, 3, 4, 5, 6, 7, 8, 9, 10, 11, 12, 13, 14, 15, 16, 17"
4708,1734604000792,1734604001925,1133,null,"1, 3, 4, 5, 6, 7, 8, 9, 10, 11, 12, 13, 14, 15, 16, 17"
4709,1734604000794,1734604001803,1009,null,"1, 3, 4, 5, 6, 7, 8, 9, 10, 11, 12, 13, 14, 15, 16, 17"
4710,1734604000795,1734604002177,1382,null,"1, 3, 4, 5, 6, 7, 8, 9, 10, 11, 12, 13, 14, 15, 16, 17"
4711,1734604000866,1734604002177,1311,null,"1, 3, 4, 5, 6, 7, 8, 9, 10, 11, 12, 13, 14, 15, 16, 17"
4712,1734604000867,1734604002336,1469,null,"1, 3, 4, 5, 6, 7, 8, 9, 10, 11, 12, 13, 14, 15, 16, 17"
4713,1734604000884,1734604002378,1494,null,"1, 3, 4, 5, 6, 7, 8, 9, 10, 11, 12, 13, 14, 15, 16, 17"
4714,1734604000885,1734604001856,971,null,"1, 3, 4, 5, 6, 7, 8, 9, 10, 11, 12, 13, 14, 15, 16, 17"
4715,1734604000919,1734604002016,1097,null,"1, 3, 4, 5, 6, 7, 8, 9, 10, 11, 12, 13, 14, 15, 16, 17"
4716,1734604000936,1734604002016,1080,null,"1, 3, 4, 5, 6, 7, 8, 9, 10, 11, 12, 13, 14, 15, 16, 17"
4717,1734604000937,1734604001925,988,null,"1, 3, 4, 5, 6, 7, 8, 9, 10, 11, 12, 13, 14, 15, 16, 17"
4718,1734604001006,1734604001856,850,null,"1, 3, 4, 5, 6, 7, 8, 9, 10, 11, 12, 13, 14, 15, 16, 17"
4719,1734604001056,1734604002336,1280,null,"1, 3, 4, 5, 6, 7, 8, 9, 10, 11, 12, 13, 14, 15, 16, 17"
4720,1734604001058,1734604002179,1121,null,"1, 3, 4, 5, 6, 7, 8, 9, 10, 11, 12, 13, 14, 15, 16, 17"
4721,1734604001059,1734604002337,1278,null,"1, 3, 4, 5, 6, 7, 8, 9, 10, 11, 12, 13, 14, 15, 16, 17"
4722,1734604001114,1734604002177,1063,null,"1, 3, 4, 5, 6, 7, 8, 9, 10, 11, 12, 13, 14, 15, 16, 17"
4723,1734604001116,1734604002099,983,null,"1, 3, 4, 5, 6, 7, 8, 9, 10, 11, 12, 13, 14, 15, 16, 17"
4724,1734604001160,1734604002336,1176,null,"1, 3, 4, 5, 6, 7, 8, 9, 10, 11, 12, 13, 14, 15, 16, 17"
4725,1734604001167,1734604002177,1010,null,"1, 3, 4, 5, 6, 7, 8, 9, 10, 11, 12, 13, 14, 15, 16, 17"
4726,1734604001168,1734604002336,1168,null,"1, 3, 4, 5, 6, 7, 8, 9, 10, 11, 12, 13, 14, 15, 16, 17"
4727,1734604001235,1734604002336,1101,null,"1, 3, 4, 5, 6, 7, 8, 9, 10, 11, 12, 13, 14, 15, 16, 17"
4728,1734604001290,1734604002397,1107,null,"1, 3, 4, 5, 6, 7, 8, 9, 10, 11, 12, 13, 14, 15, 16, 17"
4729,1734604001297,1734604002335,1038,null,"1, 3, 4, 5, 6, 7, 8, 9, 10, 11, 12, 13, 14, 15, 16, 17"
4730,1734604001300,1734604002395,1095,null,"1, 3, 4, 5, 6, 7, 8, 9, 10, 11, 12, 13, 14, 15, 16, 17"
4731,1734604001301,1734604002647,1346,null,"1, 3, 4, 5, 6, 7, 8, 9, 10, 11, 12, 13, 14, 15, 16, 17"
4732,1734604001302,1734604002721,1419,null,"1, 3, 4, 5, 6, 7, 8, 9, 10, 11, 12, 13, 14, 15, 16, 17"
4733,1734604001308,1734604002742,1434,null,"1, 3, 4, 5, 6, 7, 8, 9, 10, 11, 12, 13, 14, 15, 16, 17"
4734,1734604001388,1734604002359,971,null,"1, 3, 4, 5, 6, 7, 8, 9, 10, 11, 12, 13, 14, 15, 16, 17"
4735,1734604001389,1734604002540,1151,null,"1, 3, 4, 5, 6, 7, 8, 9, 10, 11, 12, 13, 14, 15, 16, 17"
4736,1734604001391,1734604002336,945,null,"1, 3, 4, 5, 6, 7, 8, 9, 10, 11, 12, 13, 14, 15, 16, 17"
4737,1734604001580,1734604002419,839,null,"1, 3, 4, 5, 6, 7, 8, 9, 10, 11, 12, 13, 14, 15, 16, 17"
4738,1734604001581,1734604002736,1155,null,"1, 3, 4, 5, 6, 7, 8, 9, 10, 11, 12, 13, 14, 15, 16, 17"
4739,1734604001582,1734604002647,1065,null,"1, 3, 4, 5, 6, 7, 8, 9, 10, 11, 12, 13, 14, 15, 16, 17"
4740,1734604001644,1734604002721,1077,null,"1, 3, 4, 5, 6, 7, 8, 9, 10, 11, 12, 13, 14, 15, 16, 17"
4741,1734604001645,1734604002721,1076,null,"1, 3, 4, 5, 6, 7, 8, 9, 10, 11, 12, 13, 14, 15, 16, 17"
4742,1734604001725,1734604002880,1155,null,"1, 3, 4, 5, 6, 7, 8, 9, 10, 11, 12, 13, 14, 15, 16, 17"
4743,1734604001737,1734604002771,1034,null,"1, 3, 4, 5, 6, 7, 8, 9, 10, 11, 12, 13, 14, 15, 16, 17"
4744,1734604001819,1734604002965,1146,null,"1, 3, 4, 5, 6, 7, 8, 9, 10, 11, 12, 13, 14, 15, 16, 17"
4745,1734604001820,1734604003159,1339,null,"1, 3, 4, 5, 6, 7, 8, 9, 10, 11, 12, 13, 14, 15, 16, 17"
4746,1734604001907,1734604002988,1081,null,"1, 3, 4, 5, 6, 7, 8, 9, 10, 11, 12, 13, 14, 15, 16, 17"
4747,1734604001908,1734604002988,1080,null,"1, 3, 4, 5, 6, 7, 8, 9, 10, 11, 12, 13, 14, 15, 16, 17"
4748,1734604001972,1734604002965,993,null,"1, 3, 4, 5, 6, 7, 8, 9, 10, 11, 12, 13, 14, 15, 16, 17"
4749,1734604001973,1734604002783,810,null,"1, 3, 4, 5, 6, 7, 8, 9, 10, 11, 12, 13, 14, 15, 16, 17"
4750,1734604001975,1734604002945,970,null,"1, 3, 4, 5, 6, 7, 8, 9, 10, 11, 12, 13, 14, 15, 16, 17"
4751,1734604002047,1734604003159,1112,null,"1, 3, 4, 5, 6, 7, 8, 9, 10, 11, 12, 13, 14, 15, 16, 17"
4752,1734604002048,1734604003166,1118,null,"1, 3, 4, 5, 6, 7, 8, 9, 10, 11, 12, 13, 14, 15, 16, 17"
4753,1734604002132,1734604003159,1027,null,"1, 3, 4, 5, 6, 7, 8, 9, 10, 11, 12, 13, 14, 15, 16, 17"
4754,1734604002133,1734604002965,832,null,"1, 3, 4, 5, 6, 7, 8, 9, 10, 11, 12, 13, 14, 15, 16, 17"
4755,1734604002134,1734604003401,1267,null,"1, 3, 4, 5, 6, 7, 8, 9, 10, 11, 12, 13, 14, 15, 16, 17"
4756,1734604002198,1734604003165,967,null,"1, 3, 4, 5, 6, 7, 8, 9, 10, 11, 12, 13, 14, 15, 16, 17"
4757,1734604002200,1734604003165,965,null,"1, 3, 4, 5, 6, 7, 8, 9, 10, 11, 12, 13, 14, 15, 16, 17"
4758,1734604002271,1734604003165,894,null,"1, 3, 4, 5, 6, 7, 8, 9, 10, 11, 12, 13, 14, 15, 16, 17"
4759,1734604002359,1734604003166,807,null,"1, 3, 4, 5, 6, 7, 8, 9, 10, 11, 12, 13, 14, 15, 16, 17"
4760,1734604002360,1734604003401,1041,null,"1, 3, 4, 5, 6, 7, 8, 9, 10, 11, 12, 13, 14, 15, 16, 17"
4761,1734604002400,1734604003159,759,null,"1, 3, 4, 5, 6, 7, 8, 9, 10, 11, 12, 13, 14, 15, 16, 17"
4762,1734604002401,1734604003401,1000,null,"1, 3, 4, 5, 6, 7, 8, 9, 10, 11, 12, 13, 14, 15, 16, 17"
4763,1734604002402,1734604003401,999,null,"1, 3, 4, 5, 6, 7, 8, 9, 10, 11, 12, 13, 14, 15, 16, 17"
4764,1734604002507,1734604003165,658,null,"1, 3, 4, 5, 6, 7, 8, 9, 10, 11, 12, 13, 14, 15, 16, 17"
4765,1734604002508,1734604003464,956,null,"1, 3, 4, 5, 6, 7, 8, 9, 10, 11, 12, 13, 14, 15, 16, 17"
4766,1734604002509,1734604003447,938,null,"1, 3, 4, 5, 6, 7, 8, 9, 10, 11, 12, 13, 14, 15, 16, 17"
4767,1734604002564,1734604003502,938,null,"1, 3, 4, 5, 6, 7, 8, 9, 10, 11, 12, 13, 14, 15, 16, 17"
4768,1734604002565,1734604003416,851,null,"1, 3, 4, 5, 6, 7, 8, 9, 10, 11, 12, 13, 14, 15, 16, 17"
4769,1734604002567,1734604003598,1031,null,"1, 3, 4, 5, 6, 7, 8, 9, 10, 11, 12, 13, 14, 15, 16, 17"
4770,1734604002620,1734604003661,1041,null,"1, 3, 4, 5, 6, 7, 8, 9, 10, 11, 12, 13, 14, 15, 16, 17"
4771,1734604002621,1734604003597,976,null,"1, 3, 4, 5, 6, 7, 8, 9, 10, 11, 12, 13, 14, 15, 16, 17"
4772,1734604002665,1734604003597,932,null,"1, 3, 4, 5, 6, 7, 8, 9, 10, 11, 12, 13, 14, 15, 16, 17"
4773,1734604002666,1734604003598,932,null,"1, 3, 4, 5, 6, 7, 8, 9, 10, 11, 12, 13, 14, 15, 16, 17"
4774,1734604002667,1734604003275,608,null,"1, 3, 4, 5, 6, 7, 8, 9, 10, 11, 12, 13, 14, 15, 16, 17"
4775,1734604002731,1734604003402,671,null,"1, 3, 4, 5, 6, 7, 8, 9, 10, 11, 12, 13, 14, 15, 16, 17"
4776,1734604002761,1734604003597,836,null,"1, 3, 4, 5, 6, 7, 8, 9, 10, 11, 12, 13, 14, 15, 16, 17"
4777,1734604002762,1734604003401,639,null,"1, 3, 4, 5, 6, 7, 8, 9, 10, 11, 12, 13, 14, 15, 16, 17"
4778,1734604002763,1734604003598,835,null,"1, 3, 4, 5, 6, 7, 8, 9, 10, 11, 12, 13, 14, 15, 16, 17"
4779,1734604002866,1734604003754,888,null,"1, 3, 4, 5, 6, 7, 8, 9, 10, 11, 12, 13, 14, 15, 16, 17"
4780,1734604002950,1734604003689,739,null,"1, 3, 4, 5, 6, 7, 8, 9, 10, 11, 12, 13, 14, 15, 16, 17"
4781,1734604002955,1734604003649,694,null,"1, 3, 4, 5, 6, 7, 8, 9, 10, 11, 12, 13, 14, 15, 16, 17"
4782,1734604003007,1734604003834,827,null,"1, 3, 4, 5, 6, 7, 8, 9, 10, 11, 12, 13, 14, 15, 16, 17"
4783,1734604003075,1734604003941,866,null,"1, 3, 4, 5, 6, 7, 8, 9, 10, 11, 12, 13, 14, 15, 16, 17"
4784,1734604003121,1734604003871,750,null,"1, 3, 4, 5, 6, 7, 8, 9, 10, 11, 12, 13, 14, 15, 16, 17"
4785,1734604003135,1734604003942,807,null,"1, 3, 4, 5, 6, 7, 8, 9, 10, 11, 12, 13, 14, 15, 16, 17"
4786,1734604003196,1734604003941,745,null,"1, 3, 4, 5, 6, 7, 8, 9, 10, 11, 12, 13, 14, 15, 16, 17"
4787,1734604003270,1734604004071,801,null,"1, 3, 4, 5, 6, 7, 8, 9, 10, 11, 12, 13, 14, 15, 16, 17"
4788,1734604003327,1734604003941,614,null,"1, 3, 4, 5, 6, 7, 8, 9, 10, 11, 12, 13, 14, 15, 16, 17"
4789,1734604003331,1734604004077,746,null,"1, 3, 4, 5, 6, 7, 8, 9, 10, 11, 12, 13, 14, 15, 16, 17"
4790,1734604003371,1734604003942,571,null,"1, 3, 4, 5, 6, 7, 8, 9, 10, 11, 12, 13, 14, 15, 16, 17"
4791,1734604003407,1734604004064,657,null,"1, 3, 4, 5, 6, 7, 8, 9, 10, 11, 12, 13, 14, 15, 16, 17"
4792,1734604003413,1734604004064,651,null,"1, 3, 4, 5, 6, 7, 8, 9, 10, 11, 12, 13, 14, 15, 16, 17"
4793,1734604003466,1734604004064,598,null,"1, 3, 4, 5, 6, 7, 8, 9, 10, 11, 12, 13, 14, 15, 16, 17"
4794,1734604003526,1734604004064,538,null,"1, 3, 4, 5, 6, 7, 8, 9, 10, 11, 12, 13, 14, 15, 16, 17"
4795,1734604003571,1734604004188,617,null,"1, 3, 4, 5, 6, 7, 8, 9, 10, 11, 12, 13, 14, 15, 16, 17"
4796,1734604003596,1734604004080,484,null,"1, 3, 4, 5, 6, 7, 8, 9, 10, 11, 12, 13, 14, 15, 16, 17"
4797,1734604003647,1734604004084,437,null,"1, 3, 4, 5, 6, 7, 8, 9, 10, 11, 12, 13, 14, 15, 16, 17"
4798,1734604003649,1734604004064,415,null,"1, 3, 4, 5, 6, 7, 8, 9, 10, 11, 12, 13, 14, 15, 16, 17"
4799,1734604003684,1734604004388,704,null,"1, 3, 4, 5, 6, 7, 8, 9, 10, 11, 12, 13, 14, 15, 16, 17"
4800,1734604003686,1734604004296,610,null,"1, 3, 4, 5, 6, 7, 8, 9, 10, 11, 12, 13, 14, 15, 16, 17"
4801,1734604003723,1734604004119,396,null,"1, 3, 4, 5, 6, 7, 8, 9, 10, 11, 12, 13, 14, 15, 16, 17"
4802,1734604003783,1734604004151,368,null,"1, 3, 4, 5, 6, 7, 8, 9, 10, 11, 12, 13, 14, 15, 16, 17"
4803,1734604003785,1734604004355,570,null,"1, 3, 4, 5, 6, 7, 8, 9, 10, 11, 12, 13, 14, 15, 16, 17"
4804,1734604003837,1734604004484,647,null,"1, 3, 4, 5, 6, 7, 8, 9, 10, 11, 12, 13, 14, 15, 16, 17"
4805,1734604003862,1734604004532,670,null,"1, 3, 4, 5, 6, 7, 8, 9, 10, 11, 12, 13, 14, 15, 16, 17"
4806,1734604003864,1734604004615,751,null,"1, 3, 4, 5, 6, 7, 8, 9, 10, 11, 12, 13, 14, 15, 16, 17"
4807,1734604003951,1734604004617,666,null,"1, 3, 4, 5, 6, 7, 8, 9, 10, 11, 12, 13, 14, 15, 16, 17"
4808,1734604003983,1734604004670,687,null,"1, 3, 4, 5, 6, 7, 8, 9, 10, 11, 12, 13, 14, 15, 16, 17"
4809,1734604003992,1734604004750,758,null,"1, 3, 4, 5, 6, 7, 8, 9, 10, 11, 12, 13, 14, 15, 16, 17"
4810,1734604004060,1734604004750,690,null,"1, 3, 4, 5, 6, 7, 8, 9, 10, 11, 12, 13, 14, 15, 16, 17"
4811,1734604004073,1734604004750,677,null,"1, 3, 4, 5, 6, 7, 8, 9, 10, 11, 12, 13, 14, 15, 16, 17"
4812,1734604004075,1734604004927,852,null,"1, 3, 4, 5, 6, 7, 8, 9, 10, 11, 12, 13, 14, 15, 16, 17"
4813,1734604004098,1734604004840,742,null,"1, 3, 4, 5, 6, 7, 8, 9, 10, 11, 12, 13, 14, 15, 16, 17"
4814,1734604004124,1734604004752,628,null,"1, 3, 4, 5, 6, 7, 8, 9, 10, 11, 12, 13, 14, 15, 16, 17"
4815,1734604004146,1734604004983,837,null,"1, 3, 4, 5, 6, 7, 8, 9, 10, 11, 12, 13, 14, 15, 16, 17"
4816,1734604004170,1734604004990,820,null,"1, 3, 4, 5, 6, 7, 8, 9, 10, 11, 12, 13, 14, 15, 16, 17"
4817,1734604004223,1734604004840,617,null,"1, 3, 4, 5, 6, 7, 8, 9, 10, 11, 12, 13, 14, 15, 16, 17"
4818,1734604004263,1734604004990,727,null,"1, 3, 4, 5, 6, 7, 8, 9, 10, 11, 12, 13, 14, 15, 16, 17"
4819,1734604004269,1734604005008,739,null,"1, 3, 4, 5, 6, 7, 8, 9, 10, 11, 12, 13, 14, 15, 16, 17"
4820,1734604004271,1734604005059,788,null,"1, 3, 4, 5, 6, 7, 8, 9, 10, 11, 12, 13, 14, 15, 16, 17"
4821,1734604004350,1734604005104,754,null,"1, 3, 4, 5, 6, 7, 8, 9, 10, 11, 12, 13, 14, 15, 16, 17"
4822,1734604004351,1734604004990,639,null,"1, 3, 4, 5, 6, 7, 8, 9, 10, 11, 12, 13, 14, 15, 16, 17"
4823,1734604004358,1734604005053,695,null,"1, 3, 4, 5, 6, 7, 8, 9, 10, 11, 12, 13, 14, 15, 16, 17"
4824,1734604004362,1734604005284,922,null,"1, 3, 4, 5, 6, 7, 8, 9, 10, 11, 12, 13, 14, 15, 16, 17"
4825,1734604004363,1734604004874,511,null,"1, 3, 4, 5, 6, 7, 8, 9, 10, 11, 12, 13, 14, 15, 16, 17"
4826,1734604004364,1734604004990,626,null,"1, 3, 4, 5, 6, 7, 8, 9, 10, 11, 12, 13, 14, 15, 16, 17"
4827,1734604004392,1734604004983,591,null,"1, 3, 4, 5, 6, 7, 8, 9, 10, 11, 12, 13, 14, 15, 16, 17"
4828,1734604004398,1734604004991,593,null,"1, 3, 4, 5, 6, 7, 8, 9, 10, 11, 12, 13, 14, 15, 16, 17"
4829,1734604004431,1734604004983,552,null,"1, 3, 4, 5, 6, 7, 8, 9, 10, 11, 12, 13, 14, 15, 16, 17"
4830,1734604004432,1734604005342,910,null,"1, 3, 4, 5, 6, 7, 8, 9, 10, 11, 12, 13, 14, 15, 16, 17"
4831,1734604004434,1734604005086,652,null,"1, 3, 4, 5, 6, 7, 8, 9, 10, 11, 12, 13, 14, 15, 16, 17"
4832,1734604004455,1734604005266,811,null,"1, 3, 4, 5, 6, 7, 8, 9, 10, 11, 12, 13, 14, 15, 16, 17"
4833,1734604004460,1734604005053,593,null,"1, 3, 4, 5, 6, 7, 8, 9, 10, 11, 12, 13, 14, 15, 16, 17"
4834,1734604004510,1734604005168,658,null,"1, 3, 4, 5, 6, 7, 8, 9, 10, 11, 12, 13, 14, 15, 16, 17"
4835,1734604004515,1734604005390,875,null,"1, 3, 4, 5, 6, 7, 8, 9, 10, 11, 12, 13, 14, 15, 16, 17"
4836,1734604004516,1734604005176,660,null,"1, 3, 4, 5, 6, 7, 8, 9, 10, 11, 12, 13, 14, 15, 16, 17"
4837,1734604004555,1734604005059,504,null,"1, 3, 4, 5, 6, 7, 8, 9, 10, 11, 12, 13, 14, 15, 16, 17"
4838,1734604004564,1734604005630,1066,null,"1, 3, 4, 5, 6, 7, 8, 9, 10, 11, 12, 13, 14, 15, 16, 17"
4839,1734604004599,1734604005065,466,null,"1, 3, 4, 5, 6, 7, 8, 9, 10, 11, 12, 13, 14, 15, 16, 17"
4840,1734604004600,1734604005150,550,null,"1, 3, 4, 5, 6, 7, 8, 9, 10, 11, 12, 13, 14, 15, 16, 17"
4841,1734604004639,1734604005524,885,null,"1, 3, 4, 5, 6, 7, 8, 9, 10, 11, 12, 13, 14, 15, 16, 17"
4842,1734604004648,1734604005518,870,null,"1, 3, 4, 5, 6, 7, 8, 9, 10, 11, 12, 13, 14, 15, 16, 17"
4843,1734604004691,1734604005544,853,null,"1, 3, 4, 5, 6, 7, 8, 9, 10, 11, 12, 13, 14, 15, 16, 17"
4844,1734604004755,1734604005794,1039,null,"1, 3, 4, 5, 6, 7, 8, 9, 10, 11, 12, 13, 14, 15, 16, 17"
4845,1734604004782,1734604005798,1016,null,"1, 3, 4, 5, 6, 7, 8, 9, 10, 11, 12, 13, 14, 15, 16, 17"
4846,1734604004783,1734604005967,1184,null,"1, 3, 4, 5, 6, 7, 8, 9, 10, 11, 12, 13, 14, 15, 16, 17"
4847,1734604004833,1734604005631,798,null,"1, 3, 4, 5, 6, 7, 8, 9, 10, 11, 12, 13, 14, 15, 16, 17"
4848,1734604004920,1734604005968,1048,null,"1, 3, 4, 5, 6, 7, 8, 9, 10, 11, 12, 13, 14, 15, 16, 17"
4849,1734604004952,1734604005968,1016,null,"1, 3, 4, 5, 6, 7, 8, 9, 10, 11, 12, 13, 14, 15, 16, 17"
4850,1734604004973,1734604005630,657,null,"1, 3, 4, 5, 6, 7, 8, 9, 10, 11, 12, 13, 14, 15, 16, 17"
4851,1734604004975,1734604005969,994,null,"1, 3, 4, 5, 6, 7, 8, 9, 10, 11, 12, 13, 14, 15, 16, 17"
4852,1734604004976,1734604005646,670,null,"1, 3, 4, 5, 6, 7, 8, 9, 10, 11, 12, 13, 14, 15, 16, 17"
4853,1734604005035,1734604005969,934,null,"1, 3, 4, 5, 6, 7, 8, 9, 10, 11, 12, 13, 14, 15, 16, 17"
4854,1734604005036,1734604005803,767,null,"1, 3, 4, 5, 6, 7, 8, 9, 10, 11, 12, 13, 14, 15, 16, 17"
4855,1734604005038,1734604005834,796,null,"1, 3, 4, 5, 6, 7, 8, 9, 10, 11, 12, 13, 14, 15, 16, 17"
4856,1734604005092,1734604006081,989,null,"1, 3, 4, 5, 6, 7, 8, 9, 10, 11, 12, 13, 14, 15, 16, 17"
4857,1734604005093,1734604005968,875,null,"1, 3, 4, 5, 6, 7, 8, 9, 10, 11, 12, 13, 14, 15, 16, 17"
4858,1734604005150,1734604005969,819,null,"1, 3, 4, 5, 6, 7, 8, 9, 10, 11, 12, 13, 14, 15, 16, 17"
4859,1734604005212,1734604006014,802,null,"1, 3, 4, 5, 6, 7, 8, 9, 10, 11, 12, 13, 14, 15, 16, 17"
4860,1734604005213,1734604006012,799,null,"1, 3, 4, 5, 6, 7, 8, 9, 10, 11, 12, 13, 14, 15, 16, 17"
4861,1734604005214,1734604006210,996,null,"1, 3, 4, 5, 6, 7, 8, 9, 10, 11, 12, 13, 14, 15, 16, 17"
4862,1734604005249,1734604006012,763,null,"1, 3, 4, 5, 6, 7, 8, 9, 10, 11, 12, 13, 14, 15, 16, 17"
4863,1734604005250,1734604006356,1106,null,"1, 3, 4, 5, 6, 7, 8, 9, 10, 11, 12, 13, 14, 15, 16, 17"
4864,1734604005251,1734604006255,1004,null,"1, 3, 4, 5, 6, 7, 8, 9, 10, 11, 12, 13, 14, 15, 16, 17"
4865,1734604005333,1734604006199,866,null,"1, 3, 4, 5, 6, 7, 8, 9, 10, 11, 12, 13, 14, 15, 16, 17"
4866,1734604005334,1734604006169,835,null,"1, 3, 4, 5, 6, 7, 8, 9, 10, 11, 12, 13, 14, 15, 16, 17"
4867,1734604005335,1734604006235,900,null,"1, 3, 4, 5, 6, 7, 8, 9, 10, 11, 12, 13, 14, 15, 16, 17"
4868,1734604005411,1734604006412,1001,null,"1, 3, 4, 5, 6, 7, 8, 9, 10, 11, 12, 13, 14, 15, 16, 17"
4869,1734604005412,1734604005968,556,null,"1, 3, 4, 5, 6, 7, 8, 9, 10, 11, 12, 13, 14, 15, 16, 17"
4870,1734604005413,1734604005969,556,null,"1, 3, 4, 5, 6, 7, 8, 9, 10, 11, 12, 13, 14, 15, 16, 17"
4871,1734604005497,1734604006255,758,null,"1, 3, 4, 5, 6, 7, 8, 9, 10, 11, 12, 13, 14, 15, 16, 17"
4872,1734604005518,1734604006266,748,null,"1, 3, 4, 5, 6, 7, 8, 9, 10, 11, 12, 13, 14, 15, 16, 17"
4873,1734604005519,1734604006327,808,null,"1, 3, 4, 5, 6, 7, 8, 9, 10, 11, 12, 13, 14, 15, 16, 17"
4874,1734604005551,1734604006575,1024,null,"1, 3, 4, 5, 6, 7, 8, 9, 10, 11, 12, 13, 14, 15, 16, 17"
4875,1734604005597,1734604006554,957,null,"1, 3, 4, 5, 6, 7, 8, 9, 10, 11, 12, 13, 14, 15, 16, 17"
4876,1734604005627,1734604006670,1043,null,"1, 3, 4, 5, 6, 7, 8, 9, 10, 11, 12, 13, 14, 15, 16, 17"
4877,1734604005632,1734604006361,729,null,"1, 3, 4, 5, 6, 7, 8, 9, 10, 11, 12, 13, 14, 15, 16, 17"
4878,1734604005667,1734604006691,1024,null,"1, 3, 4, 5, 6, 7, 8, 9, 10, 11, 12, 13, 14, 15, 16, 17"
4879,1734604005670,1734604006654,984,null,"1, 3, 4, 5, 6, 7, 8, 9, 10, 11, 12, 13, 14, 15, 16, 17"
4880,1734604005732,1734604006644,912,null,"1, 3, 4, 5, 6, 7, 8, 9, 10, 11, 12, 13, 14, 15, 16, 17"
4881,1734604005734,1734604006561,827,null,"1, 3, 4, 5, 6, 7, 8, 9, 10, 11, 12, 13, 14, 15, 16, 17"
4882,1734604005735,1734604006589,854,null,"1, 3, 4, 5, 6, 7, 8, 9, 10, 11, 12, 13, 14, 15, 16, 17"
4883,1734604005783,1734604006701,918,null,"1, 3, 4, 5, 6, 7, 8, 9, 10, 11, 12, 13, 14, 15, 16, 17"
4884,1734604005785,1734604006855,1070,null,"1, 3, 4, 5, 6, 7, 8, 9, 10, 11, 12, 13, 14, 15, 16, 17"
4885,1734604005786,1734604006498,712,null,"1, 3, 4, 5, 6, 7, 8, 9, 10, 11, 12, 13, 14, 15, 16, 17"
4886,1734604005849,1734604006900,1051,null,"1, 3, 4, 5, 6, 7, 8, 9, 10, 11, 12, 13, 14, 15, 16, 17"
4887,1734604005857,1734604006786,929,null,"1, 3, 4, 5, 6, 7, 8, 9, 10, 11, 12, 13, 14, 15, 16, 17"
4888,1734604005890,1734604006855,965,null,"1, 3, 4, 5, 6, 7, 8, 9, 10, 11, 12, 13, 14, 15, 16, 17"
4889,1734604005891,1734604006860,969,null,"1, 3, 4, 5, 6, 7, 8, 9, 10, 11, 12, 13, 14, 15, 16, 17"
4890,1734604005893,1734604006541,648,null,"1, 3, 4, 5, 6, 7, 8, 9, 10, 11, 12, 13, 14, 15, 16, 17"
4891,1734604006009,1734604007121,1112,null,"1, 3, 4, 5, 6, 7, 8, 9, 10, 11, 12, 13, 14, 15, 16, 17"
4892,1734604006010,1734604007121,1111,null,"1, 3, 4, 5, 6, 7, 8, 9, 10, 11, 12, 13, 14, 15, 16, 17"
4893,1734604006012,1734604007247,1235,null,"1, 3, 4, 5, 6, 7, 8, 9, 10, 11, 12, 13, 14, 15, 16, 17"
4894,1734604006068,1734604007248,1180,null,"1, 3, 4, 5, 6, 7, 8, 9, 10, 11, 12, 13, 14, 15, 16, 17"
4895,1734604006069,1734604007247,1178,null,"1, 3, 4, 5, 6, 7, 8, 9, 10, 11, 12, 13, 14, 15, 16, 17"
4896,1734604006184,1734604006873,689,null,"1, 3, 4, 5, 6, 7, 8, 9, 10, 11, 12, 13, 14, 15, 16, 17"
4897,1734604006185,1734604007110,925,null,"1, 3, 4, 5, 6, 7, 8, 9, 10, 11, 12, 13, 14, 15, 16, 17"
4898,1734604006186,1734604007247,1061,null,"1, 3, 4, 5, 6, 7, 8, 9, 10, 11, 12, 13, 14, 15, 16, 17"
4899,1734604006286,1734604007247,961,null,"1, 3, 4, 5, 6, 7, 8, 9, 10, 11, 12, 13, 14, 15, 16, 17"
4900,1734604006287,1734604007375,1088,null,"1, 3, 4, 5, 6, 7, 8, 9, 10, 11, 12, 13, 14, 15, 16, 17"
4901,1734604006288,1734604007288,1000,null,"1, 3, 4, 5, 6, 7, 8, 9, 10, 11, 12, 13, 14, 15, 16, 17"
4902,1734604006351,1734604007682,1331,null,"1, 3, 4, 5, 6, 7, 8, 9, 10, 11, 12, 13, 14, 15, 16, 17"
4903,1734604006353,1734604007619,1266,null,"1, 3, 4, 5, 6, 7, 8, 9, 10, 11, 12, 13, 14, 15, 16, 17"
4904,1734604006354,1734604007247,893,null,"1, 3, 4, 5, 6, 7, 8, 9, 10, 11, 12, 13, 14, 15, 16, 17"
4905,1734604006404,1734604007246,842,null,"1, 3, 4, 5, 6, 7, 8, 9, 10, 11, 12, 13, 14, 15, 16, 17"
4906,1734604006406,1734604007473,1067,null,"1, 3, 4, 5, 6, 7, 8, 9, 10, 11, 12, 13, 14, 15, 16, 17"
4907,1734604006407,1734604007246,839,null,"1, 3, 4, 5, 6, 7, 8, 9, 10, 11, 12, 13, 14, 15, 16, 17"
4908,1734604006462,1734604007270,808,null,"1, 3, 4, 5, 6, 7, 8, 9, 10, 11, 12, 13, 14, 15, 16, 17"
4909,1734604006471,1734604007246,775,null,"1, 3, 4, 5, 6, 7, 8, 9, 10, 11, 12, 13, 14, 15, 16, 17"
4910,1734604006472,1734604007732,1260,null,"1, 3, 4, 5, 6, 7, 8, 9, 10, 11, 12, 13, 14, 15, 16, 17"
4911,1734604006539,1734604007248,709,null,"1, 3, 4, 5, 6, 7, 8, 9, 10, 11, 12, 13, 14, 15, 16, 17"
4912,1734604006541,1734604007531,990,null,"1, 3, 4, 5, 6, 7, 8, 9, 10, 11, 12, 13, 14, 15, 16, 17"
4913,1734604006603,1734604007682,1079,null,"1, 3, 4, 5, 6, 7, 8, 9, 10, 11, 12, 13, 14, 15, 16, 17"
4914,1734604006604,1734604007735,1131,null,"1, 3, 4, 5, 6, 7, 8, 9, 10, 11, 12, 13, 14, 15, 16, 17"
4915,1734604006605,1734604007296,691,null,"1, 3, 4, 5, 6, 7, 8, 9, 10, 11, 12, 13, 14, 15, 16, 17"
4916,1734604006646,1734604007247,601,null,"1, 3, 4, 5, 6, 7, 8, 9, 10, 11, 12, 13, 14, 15, 16, 17"
4917,1734604006647,1734604007247,600,null,"1, 3, 4, 5, 6, 7, 8, 9, 10, 11, 12, 13, 14, 15, 16, 17"
4918,1734604006698,1734604008016,1318,null,"1, 3, 4, 5, 6, 7, 8, 9, 10, 11, 12, 13, 14, 15, 16, 17"
4919,1734604006699,1734604007642,943,null,"1, 3, 4, 5, 6, 7, 8, 9, 10, 11, 12, 13, 14, 15, 16, 17"
4920,1734604006700,1734604007732,1032,null,"1, 3, 4, 5, 6, 7, 8, 9, 10, 11, 12, 13, 14, 15, 16, 17"
4921,1734604006807,1734604007439,632,null,"1, 3, 4, 5, 6, 7, 8, 9, 10, 11, 12, 13, 14, 15, 16, 17"
4922,1734604006808,1734604007883,1075,null,"1, 3, 4, 5, 6, 7, 8, 9, 10, 11, 12, 13, 14, 15, 16, 17"
4923,1734604006810,1734604007765,955,null,"1, 3, 4, 5, 6, 7, 8, 9, 10, 11, 12, 13, 14, 15, 16, 17"
4924,1734604006852,1734604007883,1031,null,"1, 3, 4, 5, 6, 7, 8, 9, 10, 11, 12, 13, 14, 15, 16, 17"
4925,1734604006853,1734604007867,1014,null,"1, 3, 4, 5, 6, 7, 8, 9, 10, 11, 12, 13, 14, 15, 16, 17"
4926,1734604006866,1734604008016,1150,null,"1, 3, 4, 5, 6, 7, 8, 9, 10, 11, 12, 13, 14, 15, 16, 17"
4927,1734604006868,1734604007771,903,null,"1, 3, 4, 5, 6, 7, 8, 9, 10, 11, 12, 13, 14, 15, 16, 17"
4928,1734604006974,1734604007997,1023,null,"1, 3, 4, 5, 6, 7, 8, 9, 10, 11, 12, 13, 14, 15, 16, 17"
4929,1734604006975,1734604007770,795,null,"1, 3, 4, 5, 6, 7, 8, 9, 10, 11, 12, 13, 14, 15, 16, 17"
4930,1734604006979,1734604007883,904,null,"1, 3, 4, 5, 6, 7, 8, 9, 10, 11, 12, 13, 14, 15, 16, 17"
4931,1734604007028,1734604007985,957,null,"1, 3, 4, 5, 6, 7, 8, 9, 10, 11, 12, 13, 14, 15, 16, 17"
4932,1734604007039,1734604008207,1168,null,"1, 3, 4, 5, 6, 7, 8, 9, 10, 11, 12, 13, 14, 15, 16, 17"
4933,1734604007040,1734604007985,945,null,"1, 3, 4, 5, 6, 7, 8, 9, 10, 11, 12, 13, 14, 15, 16, 17"
4934,1734604007078,1734604008025,947,null,"1, 3, 4, 5, 6, 7, 8, 9, 10, 11, 12, 13, 14, 15, 16, 17"
4935,1734604007092,1734604008207,1115,null,"1, 3, 4, 5, 6, 7, 8, 9, 10, 11, 12, 13, 14, 15, 16, 17"
4936,1734604007121,1734604008048,927,null,"1, 3, 4, 5, 6, 7, 8, 9, 10, 11, 12, 13, 14, 15, 16, 17"
4937,1734604007122,1734604007885,763,null,"1, 3, 4, 5, 6, 7, 8, 9, 10, 11, 12, 13, 14, 15, 16, 17"
4938,1734604007124,1734604008016,892,null,"1, 3, 4, 5, 6, 7, 8, 9, 10, 11, 12, 13, 14, 15, 16, 17"
4939,1734604007176,1734604008233,1057,null,"1, 3, 4, 5, 6, 7, 8, 9, 10, 11, 12, 13, 14, 15, 16, 17"
4940,1734604007184,1734604008312,1128,null,"1, 3, 4, 5, 6, 7, 8, 9, 10, 11, 12, 13, 14, 15, 16, 17"
4941,1734604007225,1734604008312,1087,null,"1, 3, 4, 5, 6, 7, 8, 9, 10, 11, 12, 13, 14, 15, 16, 17"
4942,1734604007272,1734604008588,1316,null,"1, 3, 4, 5, 6, 7, 8, 9, 10, 11, 12, 13, 14, 15, 16, 17"
4943,1734604007277,1734604008315,1038,null,"1, 3, 4, 5, 6, 7, 8, 9, 10, 11, 12, 13, 14, 15, 16, 17"
4944,1734604007279,1734604008417,1138,null,"1, 3, 4, 5, 6, 7, 8, 9, 10, 11, 12, 13, 14, 15, 16, 17"
4945,1734604007389,1734604008592,1203,null,"1, 3, 4, 5, 6, 7, 8, 9, 10, 11, 12, 13, 14, 15, 16, 17"
4946,1734604007391,1734604008589,1198,null,"1, 3, 4, 5, 6, 7, 8, 9, 10, 11, 12, 13, 14, 15, 16, 17"
4947,1734604007392,1734604008577,1185,null,"1, 3, 4, 5, 6, 7, 8, 9, 10, 11, 12, 13, 14, 15, 16, 17"
4948,1734604007454,1734604008415,961,null,"1, 3, 4, 5, 6, 7, 8, 9, 10, 11, 12, 13, 14, 15, 16, 17"
4949,1734604007455,1734604008592,1137,null,"1, 3, 4, 5, 6, 7, 8, 9, 10, 11, 12, 13, 14, 15, 16, 17"
4950,1734604007457,1734604008592,1135,null,"1, 3, 4, 5, 6, 7, 8, 9, 10, 11, 12, 13, 14, 15, 16, 17"
4951,1734604007591,1734604008592,1001,null,"1, 3, 4, 5, 6, 7, 8, 9, 10, 11, 12, 13, 14, 15, 16, 17"
4952,1734604007592,1734604008458,866,null,"1, 3, 4, 5, 6, 7, 8, 9, 10, 11, 12, 13, 14, 15, 16, 17"
4953,1734604007659,1734604008593,934,null,"1, 3, 4, 5, 6, 7, 8, 9, 10, 11, 12, 13, 14, 15, 16, 17"
4954,1734604007660,1734604008836,1176,null,"1, 3, 4, 5, 6, 7, 8, 9, 10, 11, 12, 13, 14, 15, 16, 17"
4955,1734604007662,1734604008595,933,null,"1, 3, 4, 5, 6, 7, 8, 9, 10, 11, 12, 13, 14, 15, 16, 17"
4956,1734604007725,1734604008904,1179,null,"1, 3, 4, 5, 6, 7, 8, 9, 10, 11, 12, 13, 14, 15, 16, 17"
4957,1734604007726,1734604008836,1110,null,"1, 3, 4, 5, 6, 7, 8, 9, 10, 11, 12, 13, 14, 15, 16, 17"
4958,1734604007728,1734604008487,759,null,"1, 3, 4, 5, 6, 7, 8, 9, 10, 11, 12, 13, 14, 15, 16, 17"
4959,1734604007791,1734604008592,801,null,"1, 3, 4, 5, 6, 7, 8, 9, 10, 11, 12, 13, 14, 15, 16, 17"
4960,1734604007792,1734604008868,1076,null,"1, 3, 4, 5, 6, 7, 8, 9, 10, 11, 12, 13, 14, 15, 16, 17"
4961,1734604007873,1734604008713,840,null,"1, 3, 4, 5, 6, 7, 8, 9, 10, 11, 12, 13, 14, 15, 16, 17"
4962,1734604007874,1734604009009,1135,null,"1, 3, 4, 5, 6, 7, 8, 9, 10, 11, 12, 13, 14, 15, 16, 17"
4963,1734604007875,1734604009009,1134,null,"1, 3, 4, 5, 6, 7, 8, 9, 10, 11, 12, 13, 14, 15, 16, 17"
4964,1734604007979,1734604009009,1030,null,"1, 3, 4, 5, 6, 7, 8, 9, 10, 11, 12, 13, 14, 15, 16, 17"
4965,1734604007980,1734604008868,888,null,"1, 3, 4, 5, 6, 7, 8, 9, 10, 11, 12, 13, 14, 15, 16, 17"
4966,1734604007981,1734604009009,1028,null,"1, 3, 4, 5, 6, 7, 8, 9, 10, 11, 12, 13, 14, 15, 16, 17"
4967,1734604008053,1734604009009,956,null,"1, 3, 4, 5, 6, 7, 8, 9, 10, 11, 12, 13, 14, 15, 16, 17"
4968,1734604008054,1734604009009,955,null,"1, 3, 4, 5, 6, 7, 8, 9, 10, 11, 12, 13, 14, 15, 16, 17"
4969,1734604008056,1734604008868,812,null,"1, 3, 4, 5, 6, 7, 8, 9, 10, 11, 12, 13, 14, 15, 16, 17"
4970,1734604008137,1734604009133,996,null,"1, 3, 4, 5, 6, 7, 8, 9, 10, 11, 12, 13, 14, 15, 16, 17"
4971,1734604008175,1734604009085,910,null,"1, 3, 4, 5, 6, 7, 8, 9, 10, 11, 12, 13, 14, 15, 16, 17"
4972,1734604008176,1734604009010,834,null,"1, 3, 4, 5, 6, 7, 8, 9, 10, 11, 12, 13, 14, 15, 16, 17"
4973,1734604008182,1734604009009,827,null,"1, 3, 4, 5, 6, 7, 8, 9, 10, 11, 12, 13, 14, 15, 16, 17"
4974,1734604008183,1734604009085,902,null,"1, 3, 4, 5, 6, 7, 8, 9, 10, 11, 12, 13, 14, 15, 16, 17"
4975,1734604008229,1734604009044,815,null,"1, 3, 4, 5, 6, 7, 8, 9, 10, 11, 12, 13, 14, 15, 16, 17"
4976,1734604008238,1734604009009,771,null,"1, 3, 4, 5, 6, 7, 8, 9, 10, 11, 12, 13, 14, 15, 16, 17"
4977,1734604008243,1734604009224,981,null,"1, 3, 4, 5, 6, 7, 8, 9, 10, 11, 12, 13, 14, 15, 16, 17"
4978,1734604008329,1734604009110,781,null,"1, 3, 4, 5, 6, 7, 8, 9, 10, 11, 12, 13, 14, 15, 16, 17"
4979,1734604008331,1734604009245,914,null,"1, 3, 4, 5, 6, 7, 8, 9, 10, 11, 12, 13, 14, 15, 16, 17"
4980,1734604008404,1734604009044,640,null,"1, 3, 4, 5, 6, 7, 8, 9, 10, 11, 12, 13, 14, 15, 16, 17"
4981,1734604008413,1734604009224,811,null,"1, 3, 4, 5, 6, 7, 8, 9, 10, 11, 12, 13, 14, 15, 16, 17"
4982,1734604008414,1734604009240,826,null,"1, 3, 4, 5, 6, 7, 8, 9, 10, 11, 12, 13, 14, 15, 16, 17"
4983,1734604008496,1734604009261,765,null,"1, 3, 4, 5, 6, 7, 8, 9, 10, 11, 12, 13, 14, 15, 16, 17"
4984,1734604008523,1734604009326,803,null,"1, 3, 4, 5, 6, 7, 8, 9, 10, 11, 12, 13, 14, 15, 16, 17"
4985,1734604008524,1734604009349,825,null,"1, 3, 4, 5, 6, 7, 8, 9, 10, 11, 12, 13, 14, 15, 16, 17"
4986,1734604008553,1734604009412,859,null,"1, 3, 4, 5, 6, 7, 8, 9, 10, 11, 12, 13, 14, 15, 16, 17"
4987,1734604008580,1734604009240,660,null,"1, 3, 4, 5, 6, 7, 8, 9, 10, 11, 12, 13, 14, 15, 16, 17"
4988,1734604008612,1734604009363,751,null,"1, 3, 4, 5, 6, 7, 8, 9, 10, 11, 12, 13, 14, 15, 16, 17"
4989,1734604008613,1734604009514,901,null,"1, 3, 4, 5, 6, 7, 8, 9, 10, 11, 12, 13, 14, 15, 16, 17"
4990,1734604008667,1734604009417,750,null,"1, 3, 4, 5, 6, 7, 8, 9, 10, 11, 12, 13, 14, 15, 16, 17"
4991,1734604008668,1734604009469,801,null,"1, 3, 4, 5, 6, 7, 8, 9, 10, 11, 12, 13, 14, 15, 16, 17"
4992,1734604008670,1734604009349,679,null,"1, 3, 4, 5, 6, 7, 8, 9, 10, 11, 12, 13, 14, 15, 16, 17"
4993,1734604008736,1734604009350,614,null,"1, 3, 4, 5, 6, 7, 8, 9, 10, 11, 12, 13, 14, 15, 16, 17"
4994,1734604008797,1734604009417,620,null,"1, 3, 4, 5, 6, 7, 8, 9, 10, 11, 12, 13, 14, 15, 16, 17"
4995,1734604008835,1734604009412,577,null,"1, 3, 4, 5, 6, 7, 8, 9, 10, 11, 12, 13, 14, 15, 16, 17"
4996,1734604008837,1734604009417,580,null,"1, 3, 4, 5, 6, 7, 8, 9, 10, 11, 12, 13, 14, 15, 16, 17"
4997,1734604008838,1734604009502,664,null,"1, 3, 4, 5, 6, 7, 8, 9, 10, 11, 12, 13, 14, 15, 16, 17"
4998,1734604008889,1734604009412,523,null,"1, 3, 4, 5, 6, 7, 8, 9, 10, 11, 12, 13, 14, 15, 16, 17"
4999,1734604008898,1734604009351,453,null,"1, 3, 4, 5, 6, 7, 8, 9, 10, 11, 12, 13, 14, 15, 16, 17"
